149.940249085182,1656.60822743415,NaN,396.177860687865,723.374648173597,117.656105575798,86.9097207783549,486.288056343379,230.359823707656,195.194032963258,376.021082974478,1529.98753528954,53.1944180188496,199.230787732225,1163.59403778721,2065.68723460479,250.514231895827,323.953579510625,704.525622046118,183.544171482713
2436.38849370699,942.948080227478,160.780291230591,977.267524643086,1146.65152538283,201.633945964964,202.189082266553,173.946163232931,1412.50341791189,567.382167353246,41.3332498010551,526.790025756037,2229.1821906214,1599.17526002275,2503.82729180055,71.2429083483665,209.349115978572,265.41496206599,212.107289611648,160.646536171358
NaN,1218.62057385532,1272.58024230185,1254.75407486758,3619.40524707235,86.4259664775053,5060.36776558275,257.042370907466,95.489018795693,145.529614181746,97.5142269634612,209.519233259512,NaN,3405.35275968201,1159.35936996731,286.112971978914,2081.2534391831,1733.96942001708,1587.95183749138,784.095207415995
243.58451688223,426.66529745842,1594.2370116145,2286.85262786741,301.73497790566,358.70141563116,553.483525697865,185.786572969546,271.041991780678,372.488203295029,762.646467235613,271.72839855477,489.014234000645,631.564064451195,1474.27931857656,1745.10755425787,193.928064187112,158.237619571551,184.760619898712,933.289897573872
236.037426037523,790.117846442855,1321.14857707079,475.273736140428,397.391338716765,503.306342335639,140.490438826713,964.10660567582,96.1779417354749,1974.94612493424,1475.99270905046,947.546078734771,375.438375658723,254.494757567173,1654.84320435672,568.618886802696,1490.30203934312,1287.10102339536,1351.48699298322,578.181732047598
2409.62537372737,857.16379392315,485.199578207216,253.990946046311,56.9461588730542,406.64693520236,566.113979464568,164.222546659872,130.878337404436,1774.17419277906,294.461659790937,168.076131849965,525.183997844363,1559.4610113573,1086.06338947108,1730.09172902084,1376.40868414898,825.096128207675,383.900371492245,225.737327618574
7441.01186002348,176.302253153612,1072.22300316029,111.195249051702,808.998207310943,69.6268568515894,277.406271681377,388.380325726926,286.936169668807,2044.2462037795,3061.2475520337,2640.02956692346,227.535761547044,1811.31951108405,581.091189064256,1305.10508410754,1526.62074626585,1338.78256862779,1683.69897820124,83.3130994788944
125.071922620915,257.575943838723,1471.25643951447,550.073668921965,699.522036473943,1773.82542785657,104.999525742163,261.579714812703,331.543994076739,1138.882525654,491.469339154303,345.777682211978,118.852047227796,969.894917764522,183.753111137727,2413.03355230279,1884.86684560609,2370.06523730463,1308.7068024548,1790.10505414671
71.282872078133,103.570005143192,902.438739305213,1096.9352683415,1933.55346542246,2523.74709275513,327.395118444992,257.301964684629,498.462685136043,179.419421170106,2510.2084535953,104.256804449836,2407.40461548149,2093.78999855963,3714.42476135453,272.532049224609,4009.10068417382,1505.78703866251,2906.50519044716,1819.4686051473
900.204905163547,203.851786684796,245.422476370682,397.091348653974,2244.04461539676,1044.74569324091,227.607232109415,181.915650711931,115.471554273471,316.94543447776,338.57550220032,3658.06368278139,106.64240425626,3891.50919828439,3952.00253089975,2382.94919873488,297.14553466046,9673.1276969525,13371.1475149337,1097.16326615714
284.548172596654,1179.56615804065,1287.30159133732,1827.74190268322,1872.09637924993,4846.75541864353,155.921434074127,256.087944947995,893.938951153923,353.286153999589,3382.86969048506,1582.58220883193,4873.68451605691,86.8263713330192,60.1149383969236,4081.20553395071,69.4088666033837,250.890243402873,3429.53502898134,1199.55758062939
199.250355533622,314.266719552226,312.013766486208,65.8968254632706,25.3368828266703,265.050176247223,115.3341977006,1577.90032867922,1247.95119809624,429.826256003865,309.43356207204,5078.43648502359,239.750684564114,440.362511952599,50.3037915449419,254.682626177519,NaN,2099.76031682794,4561.81444989635,4502.5825017403
15037.563360572,310.014185536583,565.822125543124,2043.13672168589,1410.10967331451,297.350091259797,205.401486919446,822.242326819333,1186.10191723725,1710.67549433137,246.517223024506,3509.19948344501,4497.1005707606,156.434796614997,1218.98871221797,47.4015496200675,1538.43935268612,47.6318109920693,3704.61901298983,1608.72003091986
1615.44948132016,342.384150576484,338.155742973625,879.142161511564,230.709232288104,1052.55790755962,319.964685672496,464.454542009414,1394.82010045462,295.680150998092,NaN,1450.8545067272,1579.72742288338,286.480496216119,294.695387286166,135.07525906321,7048.48752938692,182.798011206768,2128.30287122854,NaN
548.838893429691,772.151382737426,302.968163414984,228.938731474,208.463741303654,362.926178720941,3905.3549830664,1767.19239950157,37.7363652491543,2984.36949602858,2655.49525893096,12312.7642453969,5716.06523745489,67.3983487264755,252.945318582698,82.249419954646,2453.23962542157,167.149132673295,310.386050438387,81.1732136588529
71.3829435397331,252.957402579459,39.8848628129743,259.990268436003,332.559820601222,2260.8386991906,2742.67074066038,155.599579152831,1169.42663673833,3282.52412777875,3558.90982244585,NaN,NaN,124.076163359269,157.222466154412,140.121819171477,190.266128540879,151.364390708492,111.215620663216,296.959184124808
150.771893835178,257.517451094977,186.502137909301,125.257910226819,353.271807472806,35.5856685420247,3602.20592029153,1132.03704722251,41.1754882474938,1204.48000403579,3043.69907800283,3029.49053062503,116.287441205344,42.2953261581099,3615.01362060015,142.375340512315,247.539202090103,79.4552927755834,247.535533570633,222.50892605013
27.3782815956879,108.418433638547,400.259524330024,1758.57832937996,259.728674198969,16.9106035357186,101.4885712712,130.857623435842,9.37746139183615,8.80593949533726,5.88620371239931,1699.98352575233,189.225418115686,9392.11250294699,2449.92285237206,180.218870020928,43.2602046315437,218.664611921101,486.24161500642,499.915237787425
74.7861653026649,267.899459468303,206.304669109557,250.546489850569,298.271143392896,1219.00091497314,382.565526588908,9.25761747287668,2704.752190175,1873.28261222939,2918.95276793607,1007.7750171008,204.92652228691,54.3222011117647,1115.8324782596,176.291178677011,2466.90097550585,58.9775009940178,42.6772770469756,425.666325783967
145.300727000813,35.5483393337356,250.612568170771,76.0185194688056,286.33075882556,4593.56278133191,158.341150445087,464.433311209414,4080.49867348267,6.7663688253972,2.40831228596355,98.3692648479141,10.9898074564748,2537.55634289964,1010.25654296726,150.010435712714,261.67996521462,137.037461962887,271.515858648347,228.842354510907
