88.7871228359423
8.46320630250672
0.674181861131705
0.236504901040835
0.189432691686728
0.182451018892897
0.155523286607058
0.134206413491754
0.124058613276374
0.121352889274112
0.0973339351964814
0.0899639152513934
0.0784296150140093
0.0669593660459654
0.0607893911400988
0.0547011448075158
0.0507740542913323
0.0491863592503238
0.0422115182713411
0.0400612907029166
0.0375514844619814
0.0355331439623506
0.0321560123656947
0.0296855648149055
0.0290675686091097
0.0253700679752127
0.0232302711747582
0.0220492937776211
0.020195629862549
0.0169820273495387
0.0129340490770315
0.00929175720059314
0.00750172554682376
