1350349.93288002
128715.625616751
10253.5300373489
3596.96729712029
2881.05317904166
2774.8699726553
2365.33016188812
2041.12506028065
1886.78870043443
1845.63775299808
1480.33711039806
1368.24759087885
1192.82416173869
1018.3748786739
924.536662794297
831.941444434182
772.214918271816
748.067904340288
641.98860199347
609.286115867594
571.11485205436
540.418216425775
489.055932355621
451.483268912568
442.084258015927
385.849529675507
353.305683523294
335.344376770472
307.152282428989
258.277087477973
196.711997699356
141.316931007467
114.092610111441
