150			-5886
149.9			-5887
149.8			-5881
149.7			-5885
149.6			-5881
149.5			-5882
149.4			-5878
149.3			-5882
149.2			-5894
149.1			-5883
149			-5882
148.9			-5872
148.8			-5884
148.699			-5882
148.599			-5870
148.499			-5875
148.399			-5886
148.299			-5887
148.199			-5873
148.099			-5879
147.999			-5875
147.899			-5873
147.799			-5886
147.699			-5881
147.599			-5871
147.499			-5886
147.399			-5877
147.299			-5854
147.199			-5860
147.099			-5867
146.999			-5876
146.899			-5866
146.799			-5875
146.699			-5877
146.599			-5874
146.499			-5882
146.399			-5874
146.299			-5878
146.198			-5885
146.098			-5890
145.998			-5881
145.898			-5890
145.798			-5876
145.698			-5884
145.598			-5891
145.498			-5887
145.398			-5889
145.298			-5890
145.198			-5889
145.098			-5874
144.998			-5883
144.898			-5885
144.798			-5878
144.698			-5869
144.598			-5891
144.498			-5891
144.398			-5882
144.298			-5878
144.198			-5884
144.098			-5877
143.998			-5888
143.898			-5882
143.798			-5876
143.697			-5895
143.597			-5881
143.497			-5878
143.397			-5883
143.297			-5879
143.197			-5872
143.097			-5862
142.997			-5860
142.897			-5869
142.797			-5858
142.697			-5870
142.597			-5874
142.497			-5876
142.397			-5875
142.297			-5874
142.197			-5872
142.097			-5870
141.997			-5874
141.897			-5868
141.797			-5871
141.697			-5879
141.597			-5894
141.497			-5875
141.397			-5888
141.297			-5885
141.196			-5889
141.096			-5887
140.996			-5894
140.896			-5897
140.796			-5891
140.696			-5887
140.596			-5876
140.496			-5874
140.396			-5865
140.296			-5871
140.196			-5874
140.096			-5883
139.996			-5875
139.896			-5869
139.796			-5889
139.696			-5874
139.596			-5876
139.496			-5873
139.396			-5876
139.296			-5876
139.196			-5876
139.096			-5894
138.996			-5890
138.896			-5874
138.796			-5879
138.695			-5880
138.595			-5882
138.495			-5877
138.395			-5876
138.295			-5873
138.195			-5880
138.095			-5881
137.995			-5892
137.895			-5888
137.795			-5891
137.695			-5893
137.595			-5895
137.495			-5896
137.395			-5891
137.295			-5878
137.195			-5882
137.095			-5872
136.995			-5868
136.895			-5865
136.795			-5875
136.695			-5877
136.595			-5869
136.495			-5862
136.395			-5880
136.295			-5878
136.194			-5877
136.094			-5876
135.994			-5881
135.894			-5884
135.794			-5871
135.694			-5885
135.594			-5876
135.494			-5868
135.394			-5871
135.294			-5866
135.194			-5870
135.094			-5877
134.994			-5882
134.894			-5877
134.794			-5876
134.694			-5881
134.594			-5874
134.494			-5870
134.394			-5872
134.294			-5868
134.194			-5873
134.094			-5880
133.994			-5877
133.894			-5874
133.794			-5876
133.693			-5882
133.593			-5878
133.493			-5872
133.393			-5863
133.293			-5865
133.193			-5871
133.093			-5869
132.993			-5875
132.893			-5891
132.793			-5894
132.693			-5880
132.593			-5886
132.493			-5874
132.393			-5873
132.293			-5877
132.193			-5879
132.093			-5880
131.993			-5875
131.893			-5873
131.793			-5869
131.693			-5869
131.593			-5874
131.493			-5873
131.393			-5874
131.293			-5878
131.192			-5880
131.092			-5890
130.992			-5877
130.892			-5874
130.792			-5881
130.692			-5883
130.592			-5886
130.492			-5892
130.392			-5875
130.292			-5878
130.192			-5880
130.092			-5868
129.992			-5881
129.892			-5877
129.792			-5869
129.692			-5871
129.592			-5876
129.492			-5868
129.392			-5871
129.292			-5873
129.192			-5877
129.092			-5888
128.992			-5884
128.892			-5887
128.792			-5877
128.691			-5886
128.591			-5881
128.491			-5876
128.391			-5881
128.291			-5888
128.191			-5877
128.091			-5871
127.991			-5877
127.891			-5875
127.791			-5877
127.691			-5872
127.591			-5871
127.491			-5878
127.391			-5881
127.291			-5887
127.191			-5875
127.091			-5867
126.991			-5876
126.891			-5875
126.791			-5880
126.691			-5871
126.591			-5882
126.491			-5888
126.391			-5879
126.291			-5890
126.19			-5887
126.09			-5883
125.99			-5884
125.89			-5889
125.79			-5872
125.69			-5886
125.59			-5874
125.49			-5887
125.39			-5881
125.29			-5879
125.19			-5884
125.09			-5882
124.99			-5881
124.89			-5882
124.79			-5887
124.69			-5890
124.59			-5886
124.49			-5892
124.39			-5890
124.29			-5895
124.19			-5875
124.09			-5881
123.99			-5873
123.89			-5882
123.79			-5873
123.689			-5873
123.589			-5879
123.489			-5882
123.389			-5880
123.289			-5896
123.189			-5889
123.089			-5876
122.989			-5876
122.889			-5895
122.789			-5899
122.689			-5880
122.589			-5877
122.489			-5877
122.389			-5877
122.289			-5888
122.189			-5872
122.089			-5879
121.989			-5875
121.889			-5871
121.789			-5878
121.689			-5886
121.589			-5892
121.489			-5888
121.389			-5885
121.289			-5880
121.188			-5880
121.088			-5874
120.988			-5878
120.888			-5878
120.788			-5880
120.688			-5890
120.588			-5879
120.488			-5868
120.388			-5860
120.288			-5868
120.188			-5867
120.088			-5883
119.988			-5881
119.888			-5875
119.788			-5885
119.688			-5879
119.588			-5884
119.488			-5878
119.388			-5884
119.288			-5881
119.188			-5879
119.088			-5890
118.988			-5894
118.888			-5878
118.788			-5889
118.687			-5884
118.587			-5892
118.487			-5883
118.387			-5885
118.287			-5877
118.187			-5867
118.087			-5875
117.987			-5887
117.887			-5886
117.787			-5887
117.687			-5889
117.587			-5877
117.487			-5878
117.387			-5894
117.287			-5876
117.187			-5882
117.087			-5887
116.987			-5886
116.887			-5881
116.787			-5874
116.687			-5879
116.587			-5873
116.487			-5878
116.387			-5865
116.287			-5883
116.186			-5887
116.086			-5884
115.986			-5883
115.886			-5869
115.786			-5876
115.686			-5885
115.586			-5880
115.486			-5869
115.386			-5870
115.286			-5873
115.186			-5868
115.086			-5876
114.986			-5876
114.886			-5871
114.786			-5863
114.686			-5878
114.586			-5874
114.486			-5866
114.386			-5862
114.286			-5869
114.186			-5858
114.086			-5866
113.986			-5868
113.886			-5866
113.786			-5878
113.685			-5871
113.585			-5884
113.485			-5874
113.385			-5873
113.285			-5878
113.185			-5871
113.085			-5865
112.985			-5869
112.885			-5867
112.785			-5870
112.685			-5874
112.585			-5883
112.485			-5893
112.385			-5874
112.285			-5880
112.185			-5871
112.085			-5876
111.985			-5878
111.885			-5858
111.785			-5857
111.685			-5871
111.585			-5879
111.485			-5872
111.385			-5875
111.285			-5870
111.184			-5860
111.084			-5853
110.984			-5861
110.884			-5866
110.784			-5872
110.684			-5859
110.584			-5862
110.484			-5851
110.384			-5859
110.284			-5857
110.184			-5870
110.084			-5866
109.984			-5864
109.884			-5877
109.784			-5888
109.684			-5882
109.584			-5883
109.484			-5871
109.384			-5866
109.284			-5873
109.184			-5884
109.084			-5877
108.984			-5892
108.884			-5884
108.784			-5873
108.683			-5882
108.583			-5887
108.483			-5878
108.383			-5877
108.283			-5875
108.183			-5864
108.083			-5880
107.983			-5891
107.883			-5886
107.783			-5871
107.683			-5861
107.583			-5852
107.483			-5857
107.383			-5876
107.283			-5869
107.183			-5873
107.083			-5876
106.983			-5873
106.883			-5879
106.783			-5866
106.683			-5879
106.583			-5876
106.483			-5873
106.383			-5865
106.283			-5866
106.182			-5858
106.082			-5866
105.982			-5858
105.882			-5859
105.782			-5863
105.682			-5859
105.582			-5864
105.482			-5868
105.382			-5867
105.282			-5867
105.182			-5875
105.082			-5875
104.982			-5880
104.882			-5864
104.782			-5863
104.682			-5868
104.582			-5887
104.482			-5879
104.382			-5875
104.282			-5888
104.182			-5891
104.082			-5873
103.982			-5871
103.882			-5860
103.782			-5868
103.681			-5869
103.581			-5873
103.481			-5872
103.381			-5878
103.281			-5879
103.181			-5868
103.081			-5863
102.981			-5871
102.881			-5868
102.781			-5866
102.681			-5868
102.581			-5864
102.481			-5856
102.381			-5862
102.281			-5871
102.181			-5866
102.081			-5864
101.981			-5864
101.881			-5876
101.781			-5870
101.681			-5863
101.581			-5878
101.481			-5868
101.381			-5868
101.281			-5867
101.18			-5859
101.08			-5860
100.98			-5861
100.88			-5884
100.78			-5878
100.68			-5871
100.58			-5873
100.48			-5875
100.38			-5875
100.28			-5858
100.18			-5867
100.08			-5864
99.98			-5865
99.88			-5873
99.7799			-5877
99.6799			-5878
99.5798			-5879
99.4798			-5874
99.3798			-5868
99.2797			-5878
99.1797			-5864
99.0796			-5863
98.9796			-5882
98.8796			-5871
98.7795			-5853
98.6795			-5856
98.5794			-5872
98.4794			-5877
98.3793			-5879
98.2793			-5871
98.1793			-5873
98.0792			-5874
97.9792			-5869
97.8792			-5865
97.7791			-5864
97.6791			-5857
97.579			-5872
97.479			-5875
97.379			-5867
97.2789			-5869
97.1789			-5871
97.0788			-5867
96.9788			-5868
96.8788			-5869
96.7787			-5876
96.6787			-5882
96.5786			-5889
96.4786			-5878
96.3785			-5872
96.2785			-5872
96.1785			-5870
96.0784			-5873
95.9784			-5891
95.8783			-5903
95.7783			-5882
95.6783			-5865
95.5782			-5865
95.4782			-5857
95.3782			-5856
95.2781			-5861
95.1781			-5851
95.078			-5853
94.978			-5858
94.878			-5850
94.7779			-5856
94.6779			-5867
94.5778			-5862
94.4778			-5857
94.3778			-5863
94.2777			-5870
94.1777			-5872
94.0776			-5876
93.9776			-5871
93.8775			-5868
93.7775			-5849
93.6775			-5862
93.5774			-5865
93.4774			-5882
93.3773			-5874
93.2773			-5872
93.1773			-5877
93.0772			-5876
92.9772			-5872
92.8772			-5881
92.7771			-5876
92.6771			-5874
92.577			-5872
92.477			-5863
92.377			-5871
92.2769			-5868
92.1769			-5866
92.0768			-5875
91.9768			-5864
91.8767			-5877
91.7767			-5874
91.6767			-5853
91.5766			-5871
91.4766			-5868
91.3765			-5884
91.2765			-5877
91.1765			-5881
91.0764			-5881
90.9764			-5864
90.8764			-5863
90.7763			-5876
90.6763			-5882
90.5762			-5865
90.4762			-5879
90.3762			-5879
90.2761			-5869
90.1761			-5870
90.076			-5868
89.976			-5867
89.876			-5868
89.7759			-5868
89.6759			-5859
89.5758			-5861
89.4758			-5864
89.3757			-5866
89.2757			-5852
89.1757			-5854
89.0756			-5848
88.9756			-5854
88.8755			-5856
88.7755			-5863
88.6755			-5857
88.5754			-5850
88.4754			-5859
88.3754			-5857
88.2753			-5856
88.1753			-5858
88.0752			-5862
87.9752			-5845
87.8752			-5857
87.7751			-5853
87.6751			-5859
87.575			-5879
87.475			-5871
87.3749			-5877
87.2749			-5870
87.1749			-5866
87.0748			-5865
86.9748			-5863
86.8747			-5856
86.7747			-5856
86.6747			-5871
86.5746			-5872
86.4746			-5859
86.3745			-5866
86.2745			-5859
86.1745			-5870
86.0744			-5873
85.9744			-5858
85.8744			-5858
85.7743			-5861
85.6743			-5867
85.5742			-5856
85.4742			-5866
85.3742			-5865
85.2741			-5870
85.1741			-5865
85.074			-5852
84.974			-5854
84.8739			-5864
84.7739			-5857
84.6739			-5857
84.5738			-5846
84.4738			-5842
84.3737			-5847
84.2737			-5853
84.1737			-5844
84.0736			-5848
83.9736			-5851
83.8736			-5840
83.7735			-5846
83.6735			-5842
83.5734			-5847
83.4734			-5852
83.3734			-5856
83.2733			-5856
83.1733			-5840
83.0732			-5837
82.9732			-5854
82.8731			-5843
82.7731			-5839
82.6731			-5847
82.573			-5839
82.473			-5830
82.3729			-5839
82.2729			-5844
82.1729			-5839
82.0728			-5840
81.9728			-5844
81.8727			-5836
81.7727			-5838
81.6727			-5837
81.5726			-5844
81.4726			-5846
81.3726			-5853
81.2725			-5852
81.1725			-5846
81.0724			-5845
80.9724			-5843
80.8724			-5841
80.7723			-5833
80.6723			-5833
80.5722			-5825
80.4722			-5830
80.3721			-5845
80.2721			-5841
80.1721			-5853
80.072			-5860
79.972			-5849
79.8719			-5867
79.7719			-5871
79.6719			-5866
79.5718			-5872
79.4718			-5866
79.3717			-5871
79.2717			-5869
79.1717			-5854
79.0716			-5854
78.9716			-5857
78.8716			-5859
78.7715			-5847
78.6715			-5850
78.5714			-5832
78.4714			-5851
78.3713			-5854
78.2713			-5856
78.1713			-5859
78.0712			-5856
77.9712			-5854
77.8711			-5857
77.7711			-5859
77.6711			-5850
77.571			-5852
77.471			-5852
77.3709			-5846
77.2709			-5857
77.1709			-5864
77.0708			-5870
76.9708			-5860
76.8708			-5857
76.7707			-5875
76.6707			-5861
76.5706			-5863
76.4706			-5867
76.3705			-5854
76.2705			-5843
76.1705			-5848
76.0704			-5855
75.9704			-5847
75.8703			-5863
75.7703			-5861
75.6703			-5863
75.5702			-5869
75.4702			-5857
75.3701			-5860
75.2701			-5838
75.1701			-5843
75.07			-5845
74.97			-5846
74.8699			-5858
74.7699			-5851
74.6699			-5863
74.5698			-5854
74.4698			-5837
74.3698			-5838
74.2697			-5855
74.1697			-5842
74.0696			-5851
73.9696			-5853
73.8695			-5847
73.7695			-5846
73.6695			-5851
73.5694			-5848
73.4694			-5845
73.3693			-5848
73.2693			-5847
73.1693			-5852
73.0692			-5842
72.9692			-5849
72.8691			-5844
72.7691			-5843
72.6691			-5858
72.569			-5855
72.469			-5865
72.3689			-5872
72.2689			-5860
72.1689			-5860
72.0688			-5864
71.9688			-5862
71.8687			-5855
71.7687			-5863
71.6687			-5868
71.5686			-5861
71.4686			-5870
71.3685			-5864
71.2685			-5858
71.1685			-5865
71.0684			-5859
70.9684			-5875
70.8683			-5859
70.7683			-5859
70.6683			-5869
70.5682			-5851
70.4682			-5856
70.3681			-5862
70.2681			-5852
70.1681			-5851
70.068			-5866
69.968			-5862
69.868			-5850
69.7679			-5848
69.6679			-5848
69.5678			-5849
69.4678			-5843
69.3677			-5851
69.2677			-5855
69.1677			-5867
69.0676			-5858
68.9676			-5842
68.8675			-5837
68.7675			-5840
68.6675			-5842
68.5674			-5844
68.4674			-5843
68.3673			-5836
68.2673			-5831
68.1673			-5838
68.0672			-5833
67.9672			-5840
67.8671			-5846
67.7671			-5853
67.6671			-5856
67.567			-5846
67.467			-5844
67.3669			-5854
67.2669			-5857
67.1669			-5859
67.0668			-5880
66.9668			-5871
66.8667			-5864
66.7667			-5864
66.6667			-5878
66.5666			-5880
66.4666			-5880
66.3665			-5867
66.2665			-5858
66.1665			-5865
66.0664			-5860
65.9664			-5856
65.8663			-5851
65.7663			-5856
65.6663			-5860
65.5662			-5867
65.4662			-5865
65.3661			-5865
65.2661			-5866
65.1661			-5857
65.066			-5857
64.966			-5865
64.8659			-5879
64.7659			-5871
64.6659			-5879
64.5658			-5878
64.4658			-5877
64.3657			-5870
64.2657			-5874
64.1657			-5870
64.0656			-5859
63.9656			-5860
63.8655			-5864
63.7655			-5865
63.6655			-5861
63.5654			-5876
63.4654			-5869
63.3653			-5865
63.2653			-5860
63.1653			-5857
63.0652			-5863
62.9652			-5864
62.8651			-5879
62.7651			-5868
62.6651			-5861
62.565			-5864
62.465			-5871
62.3649			-5863
62.2649			-5855
62.1649			-5858
62.0648			-5851
61.9648			-5847
61.8647			-5840
61.7647			-5845
61.6647			-5847
61.5646			-5854
61.4646			-5856
61.3645			-5862
61.2645			-5848
61.1645			-5834
61.0644			-5827
60.9644			-5848
60.8643			-5852
60.7643			-5852
60.6643			-5847
60.5642			-5834
60.4642			-5838
60.3641			-5840
60.2641			-5842
60.1641			-5855
60.064			-5843
59.964			-5847
59.8639			-5847
59.7639			-5855
59.6639			-5852
59.5638			-5854
59.4638			-5852
59.3637			-5849
59.2637			-5859
59.1637			-5859
59.0636			-5866
58.9636			-5867
58.8635			-5868
58.7635			-5866
58.6635			-5859
58.5634			-5869
58.4634			-5889
58.3633			-5893
58.2633			-5885
58.1633			-5876
58.0632			-5869
57.9632			-5873
57.8631			-5869
57.7631			-5868
57.6631			-5872
57.563			-5869
57.463			-5863
57.3629			-5862
57.2629			-5850
57.1629			-5858
57.0628			-5867
56.9628			-5863
56.8627			-5858
56.7627			-5847
56.6627			-5837
56.5626			-5852
56.4626			-5846
56.3625			-5843
56.2625			-5845
56.1625			-5850
56.0624			-5853
55.9624			-5848
55.8623			-5846
55.7623			-5859
55.6623			-5848
55.5622			-5849
55.4622			-5836
55.3621			-5827
55.2621			-5844
55.1621			-5849
55.062			-5855
54.962			-5858
54.8619			-5862
54.7619			-5846
54.6619			-5847
54.5618			-5862
54.4618			-5858
54.3617			-5859
54.2617			-5850
54.1617			-5844
54.0616			-5860
53.9616			-5852
53.8615			-5864
53.7615			-5860
53.6615			-5853
53.5614			-5846
53.4614			-5841
53.3613			-5864
53.2613			-5863
53.1613			-5854
53.0612			-5858
52.9612			-5870
52.8611			-5851
52.7611			-5864
52.6611			-5860
52.561			-5858
52.461			-5854
52.3609			-5852
52.2609			-5863
52.1609			-5864
52.0608			-5844
51.9608			-5840
51.8607			-5851
51.7607			-5857
51.6607			-5849
51.5606			-5849
51.4606			-5851
51.3605			-5852
51.2605			-5845
51.1605			-5857
51.0604			-5861
50.9604			-5853
50.8603			-5852
50.7603			-5851
50.6603			-5841
50.5602			-5833
50.4602			-5833
50.3601			-5837
50.2601			-5842
50.1601			-5843
50.06			-5839
49.96			-5840
49.8599			-5845
49.7599			-5839
49.6599			-5847
49.5598			-5843
49.4598			-5845
49.3597			-5851
49.2597			-5847
49.1597			-5839
49.0596			-5847
48.9596			-5852
48.8595			-5843
48.7595			-5828
48.6595			-5842
48.5594			-5839
48.4594			-5840
48.3593			-5836
48.2593			-5837
48.1593			-5844
48.0592			-5835
47.9592			-5841
47.8591			-5847
47.7591			-5846
47.6591			-5838
47.559			-5842
47.459			-5849
47.3589			-5836
47.2589			-5837
47.1589			-5832
47.0588			-5842
46.9588			-5851
46.8587			-5854
46.7587			-5849
46.6587			-5849
46.5586			-5836
46.4586			-5828
46.3585			-5836
46.2585			-5837
46.1585			-5829
46.0584			-5837
45.9584			-5842
45.8583			-5834
45.7583			-5837
45.6583			-5850
45.5582			-5842
45.4582			-5850
45.3581			-5859
45.2581			-5860
45.1581			-5855
45.058			-5849
44.958			-5851
44.8579			-5850
44.7579			-5855
44.6579			-5845
44.5578			-5838
44.4578			-5841
44.3577			-5836
44.2577			-5823
44.1577			-5829
44.0576			-5834
43.9576			-5840
43.8575			-5852
43.7575			-5855
43.6575			-5851
43.5574			-5857
43.4574			-5857
43.3573			-5839
43.2573			-5841
43.1573			-5849
43.0572			-5852
42.9572			-5848
42.8571			-5850
42.7571			-5864
42.6571			-5862
42.557			-5860
42.457			-5854
42.3569			-5846
42.2569			-5854
42.1569			-5846
42.0568			-5855
41.9568			-5860
41.8567			-5852
41.7567			-5852
41.6567			-5859
41.5566			-5851
41.4566			-5838
41.3565			-5838
41.2565			-5836
41.1565			-5854
41.0564			-5845
40.9564			-5845
40.8563			-5845
40.7563			-5847
40.6563			-5846
40.5562			-5852
40.4562			-5844
40.3561			-5839
40.2561			-5840
40.1561			-5853
40.056			-5852
39.956			-5850
39.8559			-5837
39.7559			-5836
39.6559			-5845
39.5558			-5855
39.4558			-5854
39.3557			-5849
39.2557			-5851
39.1557			-5848
39.0556			-5854
38.9556			-5852
38.8555			-5840
38.7555			-5852
38.6555			-5855
38.5554			-5843
38.4554			-5843
38.3553			-5857
38.2553			-5842
38.1553			-5836
38.0552			-5847
37.9552			-5841
37.8551			-5840
37.7551			-5845
37.6551			-5853
37.555			-5828
37.455			-5833
37.3549			-5831
37.2549			-5834
37.1549			-5844
37.0548			-5846
36.9548			-5835
36.8547			-5830
36.7547			-5837
36.6547			-5837
36.5546			-5838
36.4546			-5831
36.3545			-5818
36.2545			-5828
36.1545			-5849
36.0544			-5833
35.9544			-5822
35.8543			-5823
35.7543			-5835
35.6543			-5834
35.5542			-5826
35.4542			-5834
35.3541			-5820
35.2541			-5830
35.1541			-5830
35.054			-5842
34.954			-5832
34.8539			-5837
34.7539			-5833
34.6539			-5837
34.5538			-5829
34.4538			-5829
34.3537			-5831
34.2537			-5829
34.1537			-5829
34.0536			-5839
33.9536			-5853
33.8535			-5840
33.7535			-5839
33.6535			-5850
33.5534			-5846
33.4534			-5837
33.3533			-5855
33.2533			-5860
33.1533			-5855
33.0532			-5847
32.9532			-5843
32.8531			-5840
32.7531			-5846
32.6531			-5857
32.553			-5863
32.453			-5858
32.3529			-5846
32.2529			-5839
32.1529			-5839
32.0528			-5851
31.9528			-5845
31.8527			-5835
31.7527			-5836
31.6527			-5832
31.5526			-5843
31.4526			-5853
31.3525			-5846
31.2525			-5843
31.1525			-5844
31.0524			-5833
30.9524			-5844
30.8523			-5837
30.7523			-5844
30.6523			-5855
30.5522			-5855
30.4522			-5840
30.3521			-5844
30.2521			-5849
30.1521			-5847
30.052			-5844
29.952			-5844
29.8519			-5837
29.7519			-5837
29.6519			-5828
29.5518			-5821
29.4518			-5833
29.3517			-5822
29.2517			-5834
29.1517			-5837
29.0516			-5847
28.9516			-5854
28.8515			-5840
28.7515			-5845
28.6515			-5850
28.5514			-5845
28.4514			-5846
28.3513			-5841
28.2513			-5834
28.1513			-5832
28.0512			-5841
27.9512			-5834
27.8511			-5833
27.7511			-5827
27.6511			-5837
27.551			-5846
27.451			-5848
27.3509			-5837
27.2509			-5838
27.1509			-5838
27.0508			-5843
26.9508			-5853
26.8507			-5848
26.7507			-5842
26.6507			-5837
26.5506			-5841
26.4506			-5847
26.3505			-5846
26.2505			-5832
26.1505			-5827
26.0504			-5841
25.9504			-5838
25.8503			-5825
25.7503			-5819
25.6503			-5819
25.5502			-5826
25.4502			-5836
25.3501			-5835
25.2501			-5840
25.1501			-5839
25.05			-5837
24.95			-5832
24.8499			-5829
24.7499			-5834
24.6499			-5847
24.5498			-5847
24.4498			-5842
24.3497			-5836
24.2497			-5851
24.1497			-5835
24.0496			-5847
23.9496			-5839
23.8495			-5840
23.7495			-5844
23.6495			-5838
23.5494			-6025
23.4494			-6234
23.3493			-6258
23.2493			-6258
23.1493			-6270
23.0492			-6283
22.9492			-6287
22.8491			-6292
22.7491			-6314
22.6491			-6332
22.549			-6351
22.449			-6345
22.3489			-6349
22.2489			-6349
22.1489			-6364
22.0488			-6368
21.9488			-6396
21.8487			-6408
21.7487			-6417
21.6487			-6435
21.5486			-6454
21.4486			-6469
21.3485			-6497
21.2485			-6510
21.1485			-6517
21.0484			-6559
20.9484			-6571
20.8483			-6588
20.7483			-6655
20.6483			-6666
20.5482			-6680
20.4482			-6715
20.3481			-6743
20.2481			-6799
20.1481			-6847
20.048			-6876
19.948			-6906
19.8479			-6940
19.7479			-6983
19.6479			-6992
19.5478			-7020
19.4478			-7040
19.3477			-7044
19.2477			-7073
19.1477			-7082
19.0476			-7105
18.9476			-7113
18.8475			-7143
18.7475			-7146
18.6475			-7160
18.5474			-7181
18.4474			-7186
18.3473			-7191
18.2473			-7190
18.1473			-7199
18.0472			-7223
17.9472			-7238
17.8471			-7251
17.7471			-7271
17.6471			-7265
17.547			-7297
17.447			-7290
17.3469			-7302
17.2469			-7304
17.1469			-7313
17.0468			-7326
16.9468			-7335
16.8467			-7329
16.7467			-7331
16.6467			-7340
16.5466			-7348
16.4466			-7367
16.3465			-7361
16.2465			-7375
16.1465			-7366
16.0464			-7357
15.9464			-7370
15.8463			-7367
15.7463			-7368
15.6463			-7363
15.5462			-7364
15.4462			-7334
15.3461			-7311
15.2461			-7307
15.1461			-7305
15.046			-7268
14.946			-7241
14.8459			-7272
14.7459			-7223
14.6459			-7208
14.5458			-7235
14.4458			-7219
14.3457			-7217
14.2457			-7196
14.1457			-7205
14.0456			-7162
13.9456			-7123
13.8455			-7127
13.7455			-7122
13.6455			-7060
13.5454			-7026
13.4454			-7006
13.3453			-6983
13.2453			-6976
13.1453			-6977
13.0452			-6961
12.9452			-6920
12.8451			-6867
12.7451			-6866
12.6451			-6812
12.545			-6822
12.445			-6759
12.3449			-6804
12.2449			-6798
12.1449			-6724
12.0448			-6725
11.9448			-6717
11.8447			-6710
11.7447			-6642
11.6447			-6593
11.5446			-6597
11.4446			-6565
11.3445			-6516
11.2445			-6513
11.1445			-6492
11.0444			-6461
10.9444			-6439
10.8443			-6439
10.7443			-6382
10.6443			-6350
10.5442			-6285
10.4442			-6219
10.3441			-6188
10.2441			-6157
10.1441			-6187
10.044			-6176
9.94398			-6136
9.84394			-6092
9.7439			-6046
9.64386			-6002
9.54382			-6029
9.44378			-5976
9.34374			-5940
9.2437			-5882
9.14366			-5845
9.04362			-5877
8.94358			-5834
8.84354			-5804
8.7435			-5818
8.64346			-5737
8.54342			-5702
8.44338			-5653
8.34334			-5633
8.2433			-5577
8.14326			-5565
8.04322			-5557
7.94318			-5525
7.84314			-5498
7.7431			-5471
7.64306			-5475
7.54302			-5414
7.44298			-5383
7.34294			-5339
7.2429			-5327
7.14286			-5309
7.04282			-5283
6.94278			-5223
6.84274			-5216
6.7427			-5148
6.64266			-5102
6.54262			-5082
6.44258			-5039
6.34254			-5028
6.2425			-5025
6.14246			-4988
6.04242			-4953
5.94238			-4870
5.84234			-4881
5.7423			-4839
5.64226			-4820
5.54222			-4811
5.44218			-4773
5.34214			-4726
5.2421			-4677
5.14206			-4597
5.04202			-4539
4.94198			-4510
4.84194			-4531
4.7419			-4506
4.64186			-4450
4.54182			-4434
4.44178			-4431
4.34174			-4380
4.2417			-4326
4.14166			-4324
4.04162			-4232
3.94158			-4233
3.84154			-4190
3.7415			-4143
3.64146			-4186
3.54142			-4133
3.44138			-4076
3.34134			-4106
3.2413			-4031
3.14126			-4025
3.04122			-3946
2.94118			-3924
2.84114			-3898
2.7411			-3857
2.64106			-3815
2.54102			-3796
2.44098			-3808
2.34094			-3763
2.2409			-3758
2.14086			-3676
2.04082			-3676
1.94078			-3556
1.84074			-3505
1.7407			-3463
1.64066			-3441
1.54062			-3419
1.44058			-3373
1.34054			-3305
1.2405			-3322
1.14046			-3328
1.04042			-3287
0.940376			-3241
0.840336			-3191
0.740296			-3170
0.640256			-3176
0.540216			-3139
0.440176			-3137
0.340136			-3111
0.240096			-3072
0.140056			-2999
0.040016			-2962
-0.060024			-2950
-0.160064			-2919
-0.260104			-2916
-0.360144			-2843
-0.460184			-2786
-0.560224			-2688
-0.660264			-2663
-0.760304			-2704
-0.860344			-2680
-0.960384			-2608
-1.06042			-2577
-1.16046			-2567
-1.2605			-2536
-1.36054			-2511
-1.46058			-2415
-1.56062			-2393
-1.66066			-2395
-1.7607			-2311
-1.86074			-2305
-1.96078			-2270
-2.06082			-2241
-2.16086			-2232
-2.2609			-2162
-2.36094			-2100
-2.46098			-2086
-2.56102			-2118
-2.66106			-2104
-2.7611			-2023
-2.86114			-1970
-2.96118			-1907
-3.06122			-1900
-3.16126			-1855
-3.2613			-1792
-3.36134			-1766
-3.46138			-1769
-3.56142			-1724
-3.66146			-1698
-3.7615			-1674
-3.86154			-1654
-3.96158			-1580
-4.06162			-1563
-4.16166			-1522
-4.2617			-1484
-4.36174			-1471
-4.46178			-1436
-4.56182			-1399
-4.66186			-1400
-4.7619			-1362
-4.86194			-1326
-4.96198			-1272
-5.06202			-1228
-5.16207			-1162
-5.2621			-1148
-5.36214			-1124
-5.46218			-1094
-5.56222			-1118
-5.66226			-1050
-5.7623			-951
-5.86234			-909
-5.96239			-864
-6.06243			-808
-6.16247			-740
-6.26251			-773
-6.36255			-750
-6.46258			-696
-6.56262			-673
-6.66266			-627
-6.7627			-580
-6.86275			-574
-6.96279			-596
-7.06283			-610
-7.16287			-535
-7.26291			-452
-7.36295			-425
-7.46299			-416
-7.56302			-357
-7.66307			-326
-7.76311			-242
-7.86315			-227
-7.96319			-238
-8.06323			-185
-8.16327			-198
-8.26331			-117
-8.36335			-46
-8.46339			-54
-8.56343			-7
-8.66347			63
-8.7635			103
-8.86355			95
-8.96359			103
-9.06363			88
-9.16367			171
-9.26371			242
-9.36375			253
-9.46379			322
-9.56383			391
-9.66387			432
-9.76391			420
-9.86395			511
-9.96399			497
-10.064			523
-10.1641			614
-10.2641			654
-10.3641			672
-10.4642			692
-10.5642			661
-10.6643			744
-10.7643			798
-10.8643			841
-10.9644			823
-11.0644			841
-11.1645			865
-11.2645			954
-11.3645			998
-11.4646			1018
-11.5646			1024
-11.6647			1051
-11.7647			1093
-11.8647			1127
-11.9648			1149
-12.0648			1209
-12.1649			1282
-12.2649			1324
-12.3649			1338
-12.465			1341
-12.565			1363
-12.6651			1414
-12.7651			1438
-12.8651			1471
-12.9652			1526
-13.0652			1609
-13.1653			1594
-13.2653			1649
-13.3653			1688
-13.4654			1688
-13.5654			1752
-13.6655			1802
-13.7655			1854
-13.8655			1878
-13.9656			1980
-14.0656			2004
-14.1657			1961
-14.2657			1982
-14.3657			2064
-14.4658			2070
-14.5658			2101
-14.6659			2111
-14.7659			2213
-14.8659			2197
-14.966			2234
-15.066			2236
-15.1661			2297
-15.2661			2310
-15.3661			2324
-15.4662			2380
-15.5662			2458
-15.6663			2465
-15.7663			2516
-15.8663			2588
-15.9664			2566
-16.0664			2660
-16.1665			2714
-16.2665			2720
-16.3665			2770
-16.4666			2810
-16.5666			2823
-16.6667			2862
-16.7667			2860
-16.8667			2888
-16.9668			2951
-17.0668			2980
-17.1669			3040
-17.2669			3068
-17.3669			3093
-17.467			3159
-17.567			3178
-17.6671			3178
-17.7671			3258
-17.8671			3315
-17.9672			3354
-18.0672			3392
-18.1673			3435
-18.2673			3518
-18.3673			3534
-18.4674			3550
-18.5674			3588
-18.6675			3616
-18.7675			3648
-18.8675			3662
-18.9676			3687
-19.0676			3754
-19.1677			3786
-19.2677			3828
-19.3677			3844
-19.4678			3913
-19.5678			4002
-19.6679			3988
-19.7679			4017
-19.8679			4061
-19.968			4076
-20.068			4132
-20.1681			4167
-20.2681			4168
-20.3681			4205
-20.4682			4260
-20.5682			4315
-20.6683			4337
-20.7683			4329
-20.8683			4361
-20.9684			4404
-21.0684			4498
-21.1685			4535
-21.2685			4572
-21.3685			4652
-21.4686			4670
-21.5686			4760
-21.6687			4842
-21.7687			4825
-21.8687			4835
-21.9688			4857
-22.0688			4934
-22.1689			4940
-22.2689			5004
-22.3689			4993
-22.469			5027
-22.569			5072
-22.6691			5126
-22.7691			5174
-22.8691			5186
-22.9692			5206
-23.0692			5232
-23.1693			5268
-23.2693			5267
-23.3693			5365
-23.4694			5410
-23.5694			5456
-23.6695			5494
-23.7695			5565
-23.8695			5559
-23.9696			5596
-24.0696			5631
-24.1697			5671
-24.2697			5693
-24.3697			5745
-24.4698			5799
-24.5698			5865
-24.6699			5887
-24.7699			5911
-24.8699			5943
-24.97			5968
-25.07			6051
-25.1701			6061
-25.2701			6090
-25.3701			6119
-25.4702			6127
-25.5702			6125
-25.6703			6210
-25.7703			6229
-25.8703			6256
-25.9704			6307
-26.0704			6338
-26.1705			6354
-26.2705			6385
-26.3705			6428
-26.4706			6457
-26.5706			6575
-26.6707			6666
-26.7707			6701
-26.8707			6671
-26.9708			6690
-27.0708			6721
-27.1709			6816
-27.2709			6842
-27.3709			6890
-27.471			6862
-27.571			6888
-27.6711			6982
-27.7711			7053
-27.8711			7079
-27.9712			7116
-28.0712			7160
-28.1713			7206
-28.2713			7217
-28.3713			7280
-28.4714			7276
-28.5714			7284
-28.6715			7327
-28.7715			7353
-28.8715			7402
-28.9716			7443
-29.0716			7442
-29.1717			7475
-29.2717			7516
-29.3717			7550
-29.4718			7595
-29.5718			7679
-29.6719			7664
-29.7719			7710
-29.8719			7715
-29.972			7780
-30.072			7820
-30.1721			7887
-30.2721			7929
-30.3721			7931
-30.4722			7984
-30.5722			8000
-30.6723			8044
-30.7723			8062
-30.8723			8112
-30.9724			8168
-31.0724			8152
-31.1725			8192
-31.2725			8204
-31.3725			8220
-31.4726			8300
-31.5726			8329
-31.6727			8410
-31.7727			8442
-31.8727			8485
-31.9728			8483
-32.0728			8512
-32.1729			8544
-32.2729			8626
-32.3729			8610
-32.473			8658
-32.573			8716
-32.6731			8731
-32.7731			8766
-32.8731			8825
-32.9732			8835
-33.0732			8932
-33.1733			9067
-33.2733			9088
-33.3733			9089
-33.4734			9114
-33.5734			9162
-33.6735			9149
-33.7735			9216
-33.8736			9299
-33.9736			9301
-34.0736			9294
-34.1737			9334
-34.2737			9337
-34.3737			9375
-34.4738			9439
-34.5738			9486
-34.6739			9531
-34.7739			9593
-34.874			9600
-34.974			9627
-35.074			9652
-35.1741			9656
-35.2741			9654
-35.3741			9688
-35.4742			9721
-35.5742			9788
-35.6743			9814
-35.7743			9880
-35.8744			9947
-35.9744			9950
-36.0744			10019
-36.1745			10074
-36.2745			10066
-36.3745			10096
-36.4746			10092
-36.5746			10133
-36.6747			10157
-36.7747			10214
-36.8747			10275
-36.9748			10365
-37.0748			10405
-37.1749			10358
-37.2749			10379
-37.375			10399
-37.475			10458
-37.575			10525
-37.6751			10559
-37.7751			10606
-37.8751			10658
-37.9752			10680
-38.0752			10691
-38.1753			10740
-38.2753			10801
-38.3754			10880
-38.4754			10923
-38.5754			10950
-38.6755			10961
-38.7755			11000
-38.8755			11019
-38.9756			11062
-39.0756			11115
-39.1757			11138
-39.2757			11133
-39.3758			11229
-39.4758			11250
-39.5758			11242
-39.6759			11283
-39.7759			11350
-39.8759			11351
-39.976			11396
-40.076			11468
-40.1761			11521
-40.2761			11517
-40.3762			11582
-40.4762			11622
-40.5762			11665
-40.6763			11690
-40.7763			11696
-40.8764			11715
-40.9764			11774
-41.0764			11828
-41.1765			11849
-41.2765			11885
-41.3765			11912
-41.4766			11963
-41.5766			11999
-41.6767			12024
-41.7767			12031
-41.8768			12071
-41.9768			12108
-42.0768			12139
-42.1769			12193
-42.2769			12246
-42.3769			12264
-42.477			12301
-42.577			12318
-42.6771			12321
-42.7771			12382
-42.8772			12455
-42.9772			12467
-43.0772			12441
-43.1773			12482
-43.2773			12572
-43.3773			12576
-43.4774			12616
-43.5774			12673
-43.6775			12716
-43.7775			12725
-43.8776			12795
-43.9776			12824
-44.0776			12848
-44.1777			12886
-44.2777			12884
-44.3778			12964
-44.4778			13006
-44.5778			13032
-44.6779			13099
-44.7779			13115
-44.878			13223
-44.978			13199
-45.078			13195
-45.1781			13199
-45.2781			13241
-45.3782			13250
-45.4782			13294
-45.5782			13343
-45.6783			13452
-45.7783			13487
-45.8784			13486
-45.9784			13524
-46.0784			13557
-46.1785			13575
-46.2785			13606
-46.3786			13596
-46.4786			13628
-46.5786			13695
-46.6787			13732
-46.7787			13797
-46.8787			13847
-46.9788			13932
-47.0788			13942
-47.1789			13941
-47.2789			14009
-47.379			14050
-47.479			14102
-47.579			14109
-47.6791			14144
-47.7791			14207
-47.8792			14209
-47.9792			14161
-48.0792			14231
-48.1793			14300
-48.2793			14361
-48.3794			14375
-48.4794			14414
-48.5794			14461
-48.6795			14428
-48.7795			14450
-48.8796			14457
-48.9796			14571
-49.0796			14613
-49.1797			14676
-49.2797			14713
-49.3798			14707
-49.4798			14754
-49.5798			14767
-49.6799			14776
-49.7799			14821
-49.88			14843
-49.98			14853
-50.08			14926
-50.1801			14937
-50.2801			14964
-50.3802			15050
-50.4802			15125
-50.5802			15188
-50.6803			15229
-50.7803			15242
-50.8804			15283
-50.9804			15258
-51.0804			15276
-51.1805			15297
-51.2805			15351
-51.3806			15396
-51.4806			15420
-51.5806			15511
-51.6807			15511
-51.7807			15512
-51.8808			15591
-51.9808			15607
-52.0808			15648
-52.1809			15672
-52.2809			15705
-52.381			15764
-52.481			15722
-52.581			15791
-52.6811			15849
-52.7811			15894
-52.8812			15922
-52.9812			15981
-53.0812			16010
-53.1813			16019
-53.2813			16057
-53.3814			16029
-53.4814			16066
-53.5814			16121
-53.6815			16187
-53.7815			16266
-53.8816			16269
-53.9816			16304
-54.0816			16354
-54.1817			16395
-54.2817			16386
-54.3818			16395
-54.4818			16453
-54.5818			16504
-54.6819			16548
-54.7819			16580
-54.882			16606
-54.982			16610
-55.082			16690
-55.1821			16722
-55.2821			16764
-55.3822			16774
-55.4822			16817
-55.5822			16829
-55.6823			16915
-55.7823			16971
-55.8824			17046
-55.9824			17056
-56.0824			17097
-56.1825			17124
-56.2825			17134
-56.3826			17103
-56.4826			17151
-56.5826			17214
-56.6827			17290
-56.7827			17345
-56.8828			17401
-56.9828			17386
-57.0828			17422
-57.1829			17443
-57.2829			17433
-57.383			17440
-57.483			17475
-57.583			17520
-57.6831			17522
-57.7831			17543
-57.8832			17636
-57.9832			17642
-58.0832			17673
-58.1833			17739
-58.2833			17775
-58.3834			17824
-58.4834			17870
-58.5834			17870
-58.6835			17876
-58.7835			17949
-58.8836			17948
-58.9836			17996
-59.0836			18041
-59.1837			18075
-59.2837			18141
-59.3838			18196
-59.4838			18225
-59.5838			18242
-59.6839			18315
-59.7839			18308
-59.884			18298
-59.984			18361
-60.084			18395
-60.1841			18401
-60.2841			18410
-60.3842			18476
-60.4842			18507
-60.5842			18514
-60.6843			18554
-60.7843			18596
-60.8844			18641
-60.9844			18715
-61.0844			18736
-61.1845			18750
-61.2845			18790
-61.3846			18874
-61.4846			18888
-61.5846			18927
-61.6847			18951
-61.7847			18978
-61.8848			18978
-61.9848			19062
-62.0848			19074
-62.1849			19140
-62.2849			19145
-62.385			19161
-62.485			19242
-62.585			19265
-62.6851			19275
-62.7851			19289
-62.8852			19320
-62.9852			19341
-63.0852			19385
-63.1853			19416
-63.2853			19474
-63.3854			19565
-63.4854			19598
-63.5854			19627
-63.6855			19696
-63.7855			19699
-63.8856			19709
-63.9856			19722
-64.0856			19796
-64.1857			19819
-64.2857			19845
-64.3858			19893
-64.4858			19951
-64.5858			19965
-64.6859			19998
-64.7859			20032
-64.886			20039
-64.986			20087
-65.086			20120
-65.1861			20171
-65.2861			20190
-65.3862			20163
-65.4862			20223
-65.5862			20213
-65.6863			20306
-65.7863			20366
-65.8864			20413
-65.9864			20468
-66.0864			20442
-66.1865			20471
-66.2865			20452
-66.3866			20496
-66.4866			20541
-66.5866			20598
-66.6867			20675
-66.7867			20680
-66.8868			20761
-66.9868			20801
-67.0868			20849
-67.1869			20879
-67.2869			20866
-67.387			20851
-67.487			20931
-67.587			20985
-67.6871			20987
-67.7871			21006
-67.8872			21092
-67.9872			21111
-68.0872			21141
-68.1873			21183
-68.2873			21229
-68.3874			21275
-68.4874			21322
-68.5874			21319
-68.6875			21324
-68.7875			21369
-68.8876			21412
-68.9876			21443
-69.0876			21484
-69.1877			21530
-69.2877			21564
-69.3878			21570
-69.4878			21600
-69.5878			21646
-69.6879			21673
-69.7879			21723
-69.888			21783
-69.988			21842
-70.088			21853
-70.1881			21848
-70.2881			21905
-70.3882			21998
-70.4882			22009
-70.5882			21995
-70.6883			22039
-70.7883			22024
-70.8884			22076
-70.9884			22165
-71.0884			22212
-71.1885			22232
-71.2885			22227
-71.3886			22272
-71.4886			22253
-71.5886			22272
-71.6887			22342
-71.7887			22417
-71.8888			22445
-71.9888			22483
-72.0888			22535
-72.1889			22529
-72.2889			22534
-72.389			22616
-72.489			22634
-72.589			22675
-72.6891			22709
-72.7891			22728
-72.8892			22741
-72.9892			22780
-73.0892			22856
-73.1893			22917
-73.2893			22943
-73.3894			22983
-73.4894			23033
-73.5894			23050
-73.6895			23062
-73.7895			23123
-73.8896			23133
-73.9896			23154
-74.0896			23186
-74.1897			23207
-74.2897			23217
-74.3898			23262
-74.4898			23264
-74.5898			23314
-74.6899			23366
-74.7899			23383
-74.89			23443
-74.99			23452
-75.09			23437
-75.1901			23480
-75.2901			23555
-75.3902			23537
-75.4902			23646
-75.5902			23673
-75.6903			23703
-75.7903			23767
-75.8904			23799
-75.9904			23799
-76.0904			23826
-76.1905			23892
-76.2905			23884
-76.3906			23900
-76.4906			23985
-76.5906			24053
-76.6907			24079
-76.7907			24108
-76.8908			24083
-76.9908			24152
-77.0908			24182
-77.1909			24198
-77.2909			24220
-77.391			24254
-77.491			24289
-77.591			24368
-77.6911			24418
-77.7911			24443
-77.8912			24438
-77.9912			24473
-78.0912			24497
-78.1913			24592
-78.2913			24642
-78.3914			24642
-78.4914			24711
-78.5914			24687
-78.6915			24702
-78.7915			24752
-78.8916			24790
-78.9916			24827
-79.0916			24859
-79.1917			24859
-79.2917			24931
-79.3918			25019
-79.4918			25021
-79.5918			25067
-79.6919			25086
-79.7919			25070
-79.892			25092
-79.992			25137
-80.092			25172
-80.1921			25210
-80.2921			25235
-80.3922			25335
-80.4922			25352
-80.5922			25359
-80.6923			25353
-80.7923			25350
-80.8924			25441
-80.9924			25421
-81.0924			25449
-81.1925			25513
-81.2925			25590
-81.3926			25615
-81.4926			25690
-81.5926			25722
-81.6927			25717
-81.7927			25737
-81.8928			25826
-81.9928			25795
-82.0928			25839
-82.1929			25930
-82.2929			25960
-82.393			25957
-82.493			25958
-82.593			26055
-82.6931			26087
-82.7931			26134
-82.8932			26202
-82.9932			26189
-83.0932			26224
-83.1933			26233
-83.2933			26253
-83.3934			26276
-83.4934			26322
-83.5934			26379
-83.6935			26389
-83.7935			26420
-83.8936			26455
-83.9936			26488
-84.0936			26505
-84.1937			26533
-84.2937			26601
-84.3938			26668
-84.4938			26701
-84.5938			26719
-84.6939			26749
-84.7939			26771
-84.894			26795
-84.994			26836
-85.094			26944
-85.1941			26950
-85.2941			26928
-85.3942			26916
-85.4942			26946
-85.5942			26989
-85.6943			27044
-85.7943			27056
-85.8944			27110
-85.9944			27174
-86.0944			27198
-86.1945			27155
-86.2945			27202
-86.3946			27238
-86.4946			27278
-86.5946			27323
-86.6947			27403
-86.7947			27461
-86.8948			27478
-86.9948			27479
-87.0948			27512
-87.1949			27553
-87.2949			27593
-87.395			27665
-87.495			27687
-87.595			27745
-87.6951			27748
-87.7951			27727
-87.8952			27781
-87.9952			27877
-88.0952			27863
-88.1953			27860
-88.2953			27923
-88.3954			27954
-88.4954			27950
-88.5954			27986
-88.6955			28037
-88.7955			28102
-88.8956			28195
-88.9956			28162
-89.0956			28195
-89.1957			28233
-89.2957			28207
-89.3958			28279
-89.4958			28275
-89.5958			28241
-89.6959			28312
-89.7959			28358
-89.896			28472
-89.996			28447
-90.096			28465
-90.1961			28476
-90.2961			28514
-90.3962			28567
-90.4962			28569
-90.5962			28638
-90.6963			28675
-90.7963			28693
-90.8964			28701
-90.9964			28773
-91.0964			28803
-91.1965			28797
-91.2965			28832
-91.3966			28837
-91.4966			28887
-91.5966			28936
-91.6967			28975
-91.7967			28984
-91.8968			29023
-91.9968			29095
-92.0968			29131
-92.1969			29182
-92.2969			29213
-92.397			29159
-92.497			29232
-92.597			29338
-92.6971			29377
-92.7971			29324
-92.8972			29414
-92.9972			29422
-93.0972			29516
-93.1973			29553
-93.2973			29545
-93.3974			29551
-93.4974			29595
-93.5974			29608
-93.6975			29649
-93.7975			29684
-93.8976			29693
-93.9976			29764
-94.0976			29859
-94.1977			29894
-94.2977			29907
-94.3978			29945
-94.4978			29923
-94.5978			29977
-94.6979			29951
-94.7979			30001
-94.898			30019
-94.998			30059
-95.098			30084
-95.1981			30162
-95.2981			30184
-95.3982			30176
-95.4982			30225
-95.5982			30265
-95.6983			30234
-95.7983			30304
-95.8984			30313
-95.9984			30367
-96.0984			30346
-96.1985			30420
-96.2985			30430
-96.3986			30489
-96.4986			30561
-96.5986			30590
-96.6987			30610
-96.7987			30660
-96.8988			30692
-96.9988			30692
-97.0988			30734
-97.1989			30764
-97.2989			30803
-97.399			30832
-97.499			30878
-97.599			30882
-97.6991			30925
-97.7991			30973
-97.8992			31023
-97.9992			31033
-98.0992			31057
-98.1993			31071
-98.2993			31082
-98.3994			31110
-98.4994			31179
-98.5994			31206
-98.6995			31226
-98.7995			31300
-98.8996			31333
-98.9996			31416
-99.0996			31492
-99.1997			31498
-99.2997			31479
-99.3998			31501
-99.4998			31514
-99.5998			31528
-99.6999			31588
-99.7999			31635
-99.9			31617
-100			31671
-100			31753
-99.9			31715
-99.7999			31685
-99.6999			31689
-99.5998			31672
-99.4998			31621
-99.3998			31645
-99.2997			31585
-99.1997			31509
-99.0996			31484
-98.9996			31473
-98.8996			31409
-98.7995			31384
-98.6995			31379
-98.5994			31395
-98.4994			31403
-98.3994			31378
-98.2993			31314
-98.1993			31264
-98.0992			31270
-97.9992			31252
-97.8992			31218
-97.7991			31210
-97.6991			31242
-97.599			31201
-97.499			31141
-97.399			31074
-97.2989			31035
-97.1989			31023
-97.0988			31040
-96.9988			31017
-96.8988			30912
-96.7987			30865
-96.6987			30787
-96.5986			30777
-96.4986			30693
-96.3986			30715
-96.2985			30698
-96.1985			30734
-96.0984			30713
-95.9984			30656
-95.8984			30638
-95.7983			30564
-95.6983			30557
-95.5982			30524
-95.4982			30503
-95.3982			30486
-95.2981			30409
-95.1981			30452
-95.098			30414
-94.998			30351
-94.898			30347
-94.7979			30302
-94.6979			30283
-94.5978			30285
-94.4978			30268
-94.3978			30220
-94.2977			30177
-94.1977			30158
-94.0976			30114
-93.9976			30110
-93.8976			30116
-93.7975			30086
-93.6975			30044
-93.5974			29981
-93.4974			29992
-93.3974			29961
-93.2973			29938
-93.1973			29890
-93.0972			29890
-92.9972			29850
-92.8972			29818
-92.7971			29800
-92.6971			29770
-92.597			29722
-92.497			29694
-92.397			29653
-92.2969			29655
-92.1969			29631
-92.0968			29605
-91.9968			29613
-91.8968			29557
-91.7967			29496
-91.6967			29465
-91.5966			29414
-91.4966			29420
-91.3966			29384
-91.2965			29303
-91.1965			29294
-91.0964			29239
-90.9964			29201
-90.8964			29167
-90.7963			29187
-90.6963			29189
-90.5962			29137
-90.4962			29114
-90.3962			29071
-90.2961			29004
-90.1961			29012
-90.096			28983
-89.996			28974
-89.896			28938
-89.7959			28902
-89.6959			28908
-89.5958			28822
-89.4958			28815
-89.3958			28764
-89.2957			28724
-89.1957			28714
-89.0956			28701
-88.9956			28651
-88.8956			28648
-88.7955			28580
-88.6955			28490
-88.5954			28470
-88.4954			28457
-88.3954			28413
-88.2953			28414
-88.1953			28434
-88.0952			28430
-87.9952			28437
-87.8952			28370
-87.7951			28361
-87.6951			28364
-87.595			28288
-87.495			28202
-87.395			28187
-87.2949			28201
-87.1949			28183
-87.0948			28120
-86.9948			28094
-86.8948			28081
-86.7947			28003
-86.6947			27984
-86.5946			27965
-86.4946			27899
-86.3946			27905
-86.2945			27876
-86.1945			27881
-86.0944			27825
-85.9944			27794
-85.8944			27767
-85.7943			27750
-85.6943			27764
-85.5942			27708
-85.4942			27652
-85.3942			27618
-85.2941			27583
-85.1941			27559
-85.094			27491
-84.994			27449
-84.894			27468
-84.7939			27470
-84.6939			27427
-84.5938			27332
-84.4938			27322
-84.3938			27271
-84.2937			27305
-84.1937			27312
-84.0936			27235
-83.9936			27212
-83.8936			27198
-83.7935			27174
-83.6935			27147
-83.5934			27119
-83.4934			27119
-83.3934			27037
-83.2933			27002
-83.1933			27000
-83.0932			26993
-82.9932			26932
-82.8932			26920
-82.7931			26836
-82.6931			26833
-82.593			26858
-82.493			26780
-82.393			26762
-82.2929			26791
-82.1929			26729
-82.0928			26623
-81.9928			26620
-81.8928			26627
-81.7927			26628
-81.6927			26614
-81.5926			26628
-81.4926			26525
-81.3926			26461
-81.2925			26420
-81.1925			26317
-81.0924			26301
-80.9924			26326
-80.8924			26313
-80.7923			26304
-80.6923			26264
-80.5922			26260
-80.4922			26231
-80.3922			26232
-80.2921			26115
-80.1921			26018
-80.092			25991
-79.992			26007
-79.892			26035
-79.7919			25973
-79.6919			25978
-79.5918			25972
-79.4918			25891
-79.3918			25894
-79.2917			25859
-79.1917			25787
-79.0916			25749
-78.9916			25685
-78.8916			25679
-78.7915			25668
-78.6915			25680
-78.5914			25679
-78.4914			25631
-78.3914			25537
-78.2913			25525
-78.1913			25417
-78.0912			25388
-77.9912			25424
-77.8912			25376
-77.7911			25355
-77.6911			25371
-77.591			25268
-77.491			25218
-77.391			25188
-77.2909			25183
-77.1909			25167
-77.0908			25158
-76.9908			25144
-76.8908			25070
-76.7907			25064
-76.6907			25037
-76.5906			25038
-76.4906			24986
-76.3906			24921
-76.2905			24893
-76.1905			24857
-76.0904			24876
-75.9904			24840
-75.8904			24801
-75.7903			24757
-75.6903			24692
-75.5902			24684
-75.4902			24712
-75.3902			24669
-75.2901			24596
-75.1901			24541
-75.09			24519
-74.99			24532
-74.89			24500
-74.7899			24452
-74.6899			24408
-74.5898			24426
-74.4898			24443
-74.3898			24376
-74.2897			24273
-74.1897			24288
-74.0896			24259
-73.9896			24249
-73.8896			24179
-73.7895			24161
-73.6895			24119
-73.5894			24028
-73.4894			24018
-73.3894			23973
-73.2893			23977
-73.1893			23944
-73.0892			23938
-72.9892			23894
-72.8892			23895
-72.7891			23856
-72.6891			23817
-72.589			23787
-72.489			23748
-72.389			23787
-72.2889			23706
-72.1889			23715
-72.0888			23687
-71.9888			23631
-71.8888			23570
-71.7887			23526
-71.6887			23473
-71.5886			23455
-71.4886			23434
-71.3886			23394
-71.2885			23375
-71.1885			23391
-71.0884			23326
-70.9884			23248
-70.8884			23184
-70.7883			23161
-70.6883			23151
-70.5882			23091
-70.4882			23031
-70.3882			23019
-70.2881			23008
-70.1881			22981
-70.088			22947
-69.988			22933
-69.888			22873
-69.7879			22902
-69.6879			22882
-69.5878			22790
-69.4878			22794
-69.3878			22742
-69.2877			22701
-69.1877			22680
-69.0876			22680
-68.9876			22689
-68.8876			22666
-68.7875			22571
-68.6875			22540
-68.5874			22492
-68.4874			22469
-68.3874			22394
-68.2873			22368
-68.1873			22328
-68.0872			22319
-67.9872			22334
-67.8872			22309
-67.7871			22259
-67.6871			22233
-67.587			22165
-67.487			22068
-67.387			22084
-67.2869			22029
-67.1869			22023
-67.0868			21987
-66.9868			21910
-66.8868			21838
-66.7867			21816
-66.6867			21841
-66.5866			21852
-66.4866			21810
-66.3866			21771
-66.2865			21713
-66.1865			21676
-66.0864			21659
-65.9864			21575
-65.8864			21529
-65.7863			21520
-65.6863			21464
-65.5862			21413
-65.4862			21419
-65.3862			21429
-65.2861			21388
-65.1861			21264
-65.086			21234
-64.986			21197
-64.886			21174
-64.7859			21099
-64.6859			21047
-64.5858			21040
-64.4858			21076
-64.3858			20998
-64.2857			20981
-64.1857			20977
-64.0856			20921
-63.9856			20883
-63.8856			20781
-63.7855			20738
-63.6855			20731
-63.5854			20702
-63.4854			20682
-63.3854			20650
-63.2853			20633
-63.1853			20643
-63.0852			20599
-62.9852			20537
-62.8852			20519
-62.7851			20462
-62.6851			20390
-62.585			20346
-62.485			20292
-62.385			20255
-62.2849			20207
-62.1849			20171
-62.0848			20172
-61.9848			20151
-61.8848			20075
-61.7847			20046
-61.6847			19964
-61.5846			19907
-61.4846			19915
-61.3846			19920
-61.2845			19864
-61.1845			19806
-61.0844			19809
-60.9844			19750
-60.8844			19709
-60.7843			19666
-60.6843			19643
-60.5842			19630
-60.4842			19571
-60.3842			19526
-60.2841			19471
-60.1841			19424
-60.084			19371
-59.984			19347
-59.884			19333
-59.7839			19276
-59.6839			19279
-59.5838			19221
-59.4838			19144
-59.3838			19119
-59.2837			19062
-59.1837			19021
-59.0836			18941
-58.9836			18850
-58.8836			18834
-58.7835			18861
-58.6835			18840
-58.5834			18755
-58.4834			18733
-58.3834			18702
-58.2833			18714
-58.1833			18736
-58.0832			18664
-57.9832			18541
-57.8832			18484
-57.7831			18466
-57.6831			18397
-57.583			18399
-57.483			18376
-57.383			18319
-57.2829			18318
-57.1829			18244
-57.0828			18244
-56.9828			18220
-56.8828			18177
-56.7827			18108
-56.6827			18073
-56.5826			18015
-56.4826			17922
-56.3826			18001
-56.2825			17951
-56.1825			17909
-56.0824			17878
-55.9824			17840
-55.8824			17769
-55.7823			17739
-55.6823			17693
-55.5822			17716
-55.4822			17722
-55.3822			17667
-55.2821			17596
-55.1821			17565
-55.082			17524
-54.982			17467
-54.882			17405
-54.7819			17333
-54.6819			17301
-54.5818			17215
-54.4818			17183
-54.3818			17198
-54.2817			17137
-54.1817			17096
-54.0816			17087
-53.9816			17080
-53.8816			17022
-53.7815			16994
-53.6815			16964
-53.5814			16940
-53.4814			16863
-53.3814			16832
-53.2813			16816
-53.1813			16742
-53.0812			16738
-52.9812			16688
-52.8812			16688
-52.7811			16654
-52.6811			16587
-52.581			16542
-52.481			16461
-52.381			16460
-52.2809			16370
-52.1809			16339
-52.0808			16339
-51.9808			16253
-51.8808			16254
-51.7807			16231
-51.6807			16177
-51.5806			16170
-51.4806			16118
-51.3806			16125
-51.2805			16000
-51.1805			15982
-51.0804			15936
-50.9804			15881
-50.8804			15884
-50.7803			15834
-50.6803			15801
-50.5802			15782
-50.4802			15749
-50.3802			15696
-50.2801			15648
-50.1801			15633
-50.08			15594
-49.98			15582
-49.88			15568
-49.7799			15488
-49.6799			15452
-49.5798			15366
-49.4798			15315
-49.3798			15269
-49.2797			15292
-49.1797			15234
-49.0796			15195
-48.9796			15124
-48.8796			15096
-48.7795			15057
-48.6795			15046
-48.5794			15018
-48.4794			14975
-48.3794			14921
-48.2793			14902
-48.1793			14939
-48.0792			14920
-47.9792			14874
-47.8792			14802
-47.7791			14726
-47.6791			14639
-47.579			14566
-47.479			14562
-47.379			14498
-47.2789			14530
-47.1789			14494
-47.0788			14416
-46.9788			14401
-46.8787			14363
-46.7787			14314
-46.6787			14273
-46.5786			14210
-46.4786			14148
-46.3786			14132
-46.2785			14069
-46.1785			14031
-46.0784			14013
-45.9784			14007
-45.8784			13971
-45.7783			13946
-45.6783			13886
-45.5782			13855
-45.4782			13815
-45.3782			13722
-45.2781			13673
-45.1781			13661
-45.078			13676
-44.978			13587
-44.878			13603
-44.7779			13580
-44.6779			13540
-44.5778			13448
-44.4778			13372
-44.3778			13344
-44.2777			13339
-44.1777			13284
-44.0776			13263
-43.9776			13270
-43.8776			13203
-43.7775			13199
-43.6775			13170
-43.5774			13160
-43.4774			13123
-43.3773			13044
-43.2773			13015
-43.1773			12994
-43.0772			12960
-42.9772			12923
-42.8772			12812
-42.7771			12775
-42.6771			12799
-42.577			12760
-42.477			12727
-42.3769			12687
-42.2769			12681
-42.1769			12634
-42.0768			12666
-41.9768			12599
-41.8768			12504
-41.7767			12426
-41.6767			12351
-41.5766			12355
-41.4766			12288
-41.3765			12272
-41.2765			12238
-41.1765			12217
-41.0764			12188
-40.9764			12174
-40.8764			12192
-40.7763			12139
-40.6763			12050
-40.5762			12010
-40.4762			11941
-40.3762			11855
-40.2761			11840
-40.1761			11793
-40.076			11801
-39.976			11733
-39.8759			11717
-39.7759			11696
-39.6759			11632
-39.5758			11568
-39.4758			11527
-39.3758			11518
-39.2757			11502
-39.1757			11486
-39.0756			11433
-38.9756			11401
-38.8755			11364
-38.7755			11309
-38.6755			11272
-38.5754			11268
-38.4754			11250
-38.3754			11146
-38.2753			11114
-38.1753			11034
-38.0752			11057
-37.9752			11098
-37.8751			11014
-37.7751			10967
-37.6751			10944
-37.575			10904
-37.475			10876
-37.375			10875
-37.2749			10830
-37.1749			10717
-37.0748			10732
-36.9748			10678
-36.8747			10608
-36.7747			10541
-36.6747			10539
-36.5746			10510
-36.4746			10461
-36.3745			10431
-36.2745			10377
-36.1745			10307
-36.0744			10271
-35.9744			10283
-35.8744			10168
-35.7743			10083
-35.6743			10094
-35.5742			10114
-35.4742			10081
-35.3741			10072
-35.2741			10015
-35.1741			10007
-35.074			9946
-34.974			9860
-34.874			9811
-34.7739			9790
-34.6739			9775
-34.5738			9729
-34.4738			9653
-34.3737			9672
-34.2737			9646
-34.1737			9559
-34.0736			9526
-33.9736			9494
-33.8736			9457
-33.7735			9432
-33.6735			9392
-33.5734			9399
-33.4734			9369
-33.3733			9338
-33.2733			9248
-33.1733			9224
-33.0732			9181
-32.9732			9079
-32.8731			9098
-32.7731			9033
-32.6731			9043
-32.573			8999
-32.473			8958
-32.3729			8966
-32.2729			8893
-32.1729			8835
-32.0728			8749
-31.9728			8705
-31.8727			8702
-31.7727			8680
-31.6727			8595
-31.5726			8606
-31.4726			8565
-31.3725			8510
-31.2725			8485
-31.1725			8462
-31.0724			8459
-30.9724			8416
-30.8723			8389
-30.7723			8352
-30.6723			8305
-30.5722			8294
-30.4722			8219
-30.3721			8113
-30.2721			8121
-30.1721			8065
-30.072			8023
-29.972			7976
-29.8719			7955
-29.7719			7902
-29.6719			7877
-29.5718			7866
-29.4718			7838
-29.3717			7798
-29.2717			7785
-29.1717			7692
-29.0716			7689
-28.9716			7614
-28.8715			7600
-28.7715			7605
-28.6715			7548
-28.5714			7490
-28.4714			7494
-28.3713			7472
-28.2713			7414
-28.1713			7364
-28.0712			7303
-27.9712			7236
-27.8711			7224
-27.7711			7217
-27.6711			7154
-27.571			7102
-27.471			7071
-27.3709			7029
-27.2709			6984
-27.1709			7015
-27.0708			6908
-26.9708			6861
-26.8707			6858
-26.7707			6875
-26.6707			6869
-26.5706			6759
-26.4706			6726
-26.3705			6708
-26.2705			6683
-26.1705			6672
-26.0704			6646
-25.9704			6569
-25.8703			6545
-25.7703			6491
-25.6703			6420
-25.5702			6393
-25.4702			6361
-25.3701			6230
-25.2701			6233
-25.1701			6223
-25.07			6142
-24.97			6127
-24.8699			6092
-24.7699			6069
-24.6699			6084
-24.5698			5997
-24.4698			5957
-24.3697			5917
-24.2697			5927
-24.1697			5874
-24.0696			5909
-23.9696			5879
-23.8695			5807
-23.7695			5775
-23.6695			5729
-23.5694			5688
-23.4694			5641
-23.3693			5532
-23.2693			5515
-23.1693			5512
-23.0692			5496
-22.9692			5424
-22.8691			5335
-22.7691			5289
-22.6691			5327
-22.569			5304
-22.469			5227
-22.3689			5192
-22.2689			5152
-22.1689			5140
-22.0688			5039
-21.9688			5007
-21.8687			4998
-21.7687			4931
-21.6687			4873
-21.5686			4858
-21.4686			4829
-21.3685			4769
-21.2685			4758
-21.1685			4752
-21.0684			4683
-20.9684			4666
-20.8683			4639
-20.7683			4571
-20.6683			4523
-20.5682			4541
-20.4682			4538
-20.3681			4482
-20.2681			4392
-20.1681			4431
-20.068			4416
-19.968			4346
-19.8679			4305
-19.7679			4219
-19.6679			4189
-19.5678			4142
-19.4678			4152
-19.3677			4147
-19.2677			4120
-19.1677			4053
-19.0676			3985
-18.9676			3916
-18.8675			3922
-18.7675			3832
-18.6675			3755
-18.5674			3700
-18.4674			3705
-18.3673			3699
-18.2673			3669
-18.1673			3645
-18.0672			3581
-17.9672			3599
-17.8671			3580
-17.7671			3577
-17.6671			3506
-17.567			3438
-17.467			3428
-17.3669			3389
-17.2669			3402
-17.1669			3335
-17.0668			3286
-16.9668			3281
-16.8667			3198
-16.7667			3167
-16.6667			3186
-16.5666			3134
-16.4666			3078
-16.3665			3017
-16.2665			2966
-16.1665			2923
-16.0664			2860
-15.9664			2875
-15.8663			2829
-15.7663			2786
-15.6663			2813
-15.5662			2759
-15.4662			2684
-15.3661			2635
-15.2661			2604
-15.1661			2595
-15.066			2542
-14.966			2482
-14.8659			2448
-14.7659			2449
-14.6659			2437
-14.5658			2341
-14.4658			2287
-14.3657			2236
-14.2657			2228
-14.1657			2207
-14.0656			2207
-13.9656			2176
-13.8655			2121
-13.7655			2096
-13.6655			2036
-13.5654			2008
-13.4654			1986
-13.3653			1883
-13.2653			1846
-13.1653			1826
-13.0652			1799
-12.9652			1746
-12.8651			1685
-12.7651			1649
-12.6651			1651
-12.565			1642
-12.465			1593
-12.3649			1573
-12.2649			1531
-12.1649			1468
-12.0648			1470
-11.9648			1423
-11.8647			1375
-11.7647			1352
-11.6647			1343
-11.5646			1258
-11.4646			1208
-11.3645			1165
-11.2645			1162
-11.1645			1188
-11.0644			1135
-10.9644			1076
-10.8643			1037
-10.7643			1009
-10.6643			1015
-10.5642			945
-10.4642			883
-10.3641			803
-10.2641			813
-10.1641			788
-10.064			779
-9.96399			737
-9.86395			706
-9.76391			648
-9.66387			560
-9.56383			580
-9.46379			509
-9.36375			477
-9.26371			459
-9.16367			423
-9.06363			390
-8.96359			393
-8.86355			329
-8.7635			320
-8.66347			252
-8.56343			245
-8.46339			263
-8.36335			201
-8.26331			139
-8.16327			121
-8.06323			44
-7.96319			-6
-7.86315			-33
-7.76311			-67
-7.66307			-104
-7.56302			-119
-7.46299			-154
-7.36295			-201
-7.26291			-202
-7.16287			-236
-7.06283			-256
-6.96279			-343
-6.86275			-381
-6.7627			-405
-6.66266			-415
-6.56262			-452
-6.46258			-521
-6.36255			-584
-6.26251			-564
-6.16247			-615
-6.06243			-640
-5.96239			-725
-5.86234			-746
-5.7623			-795
-5.66226			-823
-5.56222			-826
-5.46218			-856
-5.36214			-886
-5.2621			-915
-5.16207			-955
-5.06202			-955
-4.96198			-1028
-4.86194			-1057
-4.7619			-1152
-4.66186			-1184
-4.56182			-1228
-4.46178			-1220
-4.36174			-1198
-4.2617			-1221
-4.16166			-1302
-4.06162			-1326
-3.96158			-1352
-3.86154			-1421
-3.7615			-1467
-3.66146			-1538
-3.56142			-1616
-3.46138			-1632
-3.36134			-1648
-3.2613			-1659
-3.16126			-1676
-3.06122			-1680
-2.96118			-1733
-2.86114			-1784
-2.7611			-1824
-2.66106			-1870
-2.56102			-1890
-2.46098			-1936
-2.36094			-1997
-2.2609			-2036
-2.16086			-2038
-2.06082			-2092
-1.96078			-2164
-1.86074			-2163
-1.7607			-2228
-1.66066			-2272
-1.56062			-2300
-1.46058			-2302
-1.36054			-2350
-1.2605			-2354
-1.16046			-2351
-1.06042			-2392
-0.960384			-2445
-0.860344			-2477
-0.760304			-2482
-0.660264			-2514
-0.560224			-2552
-0.460184			-2642
-0.360144			-2692
-0.260104			-2736
-0.160064			-2790
-0.060024			-2820
0.040016			-2825
0.140056			-2864
0.240096			-2863
0.340136			-2917
0.440176			-2939
0.540216			-3030
0.640256			-3115
0.740296			-3117
0.840336			-3161
0.940376			-3204
1.04042			-3263
1.14046			-3239
1.2405			-3234
1.34054			-3261
1.44058			-3308
1.54062			-3341
1.64066			-3398
1.7407			-3413
1.84074			-3446
1.94078			-3512
2.04082			-3509
2.14086			-3524
2.2409			-3527
2.34094			-3585
2.44098			-3629
2.54102			-3674
2.64106			-3683
2.7411			-3698
2.84114			-3759
2.94118			-3765
3.04122			-3821
3.14126			-3830
3.2413			-3886
3.34134			-3942
3.44138			-3964
3.54142			-3974
3.64146			-4024
3.7415			-4076
3.84154			-4109
3.94158			-4130
4.04162			-4157
4.14166			-4198
4.2417			-4223
4.34174			-4218
4.44178			-4276
4.54182			-4362
4.64186			-4387
4.7419			-4382
4.84194			-4434
4.94198			-4456
5.04202			-4536
5.14206			-4565
5.2421			-4617
5.34214			-4683
5.44218			-4729
5.54222			-4787
5.64226			-4777
5.7423			-4779
5.84234			-4801
5.94238			-4874
6.04242			-4914
6.14246			-4934
6.2425			-4940
6.34254			-4984
6.44258			-5017
6.54262			-5077
6.64266			-5101
6.7427			-5145
6.84274			-5185
6.94278			-5203
7.04282			-5220
7.14286			-5232
7.2429			-5224
7.34294			-5315
7.44298			-5321
7.54302			-5396
7.64306			-5418
7.7431			-5449
7.84314			-5474
7.94318			-5499
8.04322			-5546
8.14326			-5537
8.2433			-5578
8.34334			-5567
8.44338			-5631
8.54342			-5672
8.64346			-5709
8.7435			-5792
8.84354			-5811
8.94358			-5850
9.04362			-5866
9.14366			-5899
9.2437			-5935
9.34374			-5963
9.44378			-6003
9.54382			-6040
9.64386			-6035
9.7439			-6090
9.84394			-6121
9.94398			-6175
10.044			-6192
10.1441			-6271
10.2441			-6289
10.3441			-6326
10.4442			-6370
10.5442			-6359
10.6443			-6415
10.7443			-6436
10.8443			-6466
10.9444			-6500
11.0444			-6524
11.1445			-6577
11.2445			-6594
11.3445			-6612
11.4446			-6675
11.5446			-6657
11.6447			-6732
11.7447			-6781
11.8447			-6851
11.9448			-6828
12.0448			-6844
12.1449			-6885
12.2449			-6915
12.3449			-6934
12.445			-6962
12.545			-7007
12.6451			-7045
12.7451			-7012
12.8451			-7079
12.9452			-7132
13.0452			-7160
13.1453			-7178
13.2453			-7219
13.3453			-7201
13.4454			-7206
13.5454			-7243
13.6455			-7258
13.7455			-7299
13.8455			-7300
13.9456			-7345
14.0456			-7373
14.1457			-7390
14.2457			-7429
14.3457			-7449
14.4458			-7459
14.5458			-7424
14.6459			-7411
14.7459			-7409
14.8459			-7347
14.946			-7328
15.046			-7279
15.1461			-7225
15.2461			-7178
15.3461			-7161
15.4462			-7148
15.5462			-7124
15.6463			-7098
15.7463			-7061
15.8463			-7009
15.9464			-6978
16.0464			-6975
16.1465			-6947
16.2465			-6926
16.3465			-6916
16.4466			-6874
16.5466			-6834
16.6467			-6812
16.7467			-6777
16.8467			-6761
16.9468			-6732
17.0468			-6717
17.1469			-6691
17.2469			-6653
17.3469			-6633
17.447			-6624
17.547			-6616
17.6471			-6604
17.7471			-6598
17.8471			-6594
17.9472			-6560
18.0472			-6553
18.1473			-6546
18.2473			-6539
18.3473			-6509
18.4474			-6513
18.5474			-6512
18.6475			-6498
18.7475			-6490
18.8475			-6481
18.9476			-6464
19.0476			-6458
19.1477			-6444
19.2477			-6437
19.3477			-6442
19.4478			-6442
19.5478			-6427
19.6479			-6398
19.7479			-6394
19.8479			-6393
19.948			-6397
20.048			-6377
20.1481			-6358
20.2481			-6356
20.3481			-6355
20.4482			-6354
20.5482			-6338
20.6483			-6326
20.7483			-6322
20.8483			-6306
20.9484			-6299
21.0484			-6306
21.1485			-6303
21.2485			-6287
21.3485			-6288
21.4486			-6276
21.5486			-6268
21.6487			-6273
21.7487			-6278
21.8487			-6269
21.9488			-6244
22.0488			-6238
22.1489			-6222
22.2489			-6223
22.3489			-6221
22.449			-6216
22.549			-6218
22.6491			-6206
22.7491			-6197
22.8491			-6191
22.9492			-6200
23.0492			-6191
23.1493			-6180
23.2493			-6173
23.3493			-6165
23.4494			-6155
23.5494			-6148
23.6495			-6152
23.7495			-6144
23.8495			-6151
23.9496			-6141
24.0496			-6126
24.1497			-6131
24.2497			-6117
24.3497			-6120
24.4498			-6105
24.5498			-6092
24.6499			-6100
24.7499			-6096
24.8499			-6089
24.95			-6088
25.05			-6078
25.1501			-6087
25.2501			-6084
25.3501			-6070
25.4502			-6064
25.5502			-6066
25.6503			-6068
25.7503			-6054
25.8503			-6054
25.9504			-6056
26.0504			-6059
26.1505			-6039
26.2505			-6019
26.3505			-6017
26.4506			-6024
26.5506			-6015
26.6507			-6028
26.7507			-6011
26.8507			-6013
26.9508			-6002
27.0508			-5989
27.1509			-5987
27.2509			-5973
27.3509			-5986
27.451			-5987
27.551			-5985
27.6511			-5974
27.7511			-5984
27.8511			-5971
27.9512			-5964
28.0512			-5951
28.1513			-5958
28.2513			-5959
28.3513			-5956
28.4514			-5953
28.5514			-5939
28.6515			-5934
28.7515			-5921
28.8515			-5906
28.9516			-5802
29.0516			-5778
29.1517			-5792
29.2517			-5785
29.3517			-5781
29.4518			-5779
29.5518			-5775
29.6519			-5771
29.7519			-5770
29.8519			-5765
29.952			-5764
30.052			-5766
30.1521			-5780
30.2521			-5775
30.3521			-5780
30.4522			-5777
30.5522			-5773
30.6523			-5781
30.7523			-5779
30.8523			-5779
30.9524			-5782
31.0524			-5773
31.1525			-5770
31.2525			-5772
31.3525			-5774
31.4526			-5774
31.5526			-5782
31.6527			-5784
31.7527			-5765
31.8527			-5776
31.9528			-5772
32.0528			-5771
32.1529			-5759
32.2529			-5772
32.3529			-5748
32.453			-5749
32.553			-5752
32.6531			-5768
32.7531			-5779
32.8531			-5768
32.9532			-5780
33.0532			-5782
33.1533			-5763
33.2533			-5757
33.3533			-5769
33.4534			-5778
33.5534			-5779
33.6535			-5781
33.7535			-5783
33.8535			-5776
33.9536			-5791
34.0536			-5802
34.1537			-5793
34.2537			-5790
34.3537			-5790
34.4538			-5791
34.5538			-5798
34.6539			-5779
34.7539			-5779
34.8539			-5791
34.954			-5787
35.054			-5793
35.1541			-5792
35.2541			-5783
35.3541			-5786
35.4542			-5795
35.5542			-5794
35.6543			-5785
35.7543			-5774
35.8543			-5785
35.9544			-5778
36.0544			-5772
36.1545			-5780
36.2545			-5781
36.3545			-5792
36.4546			-5774
36.5546			-5774
36.6547			-5766
36.7547			-5770
36.8547			-5772
36.9548			-5779
37.0548			-5771
37.1549			-5789
37.2549			-5788
37.3549			-5785
37.455			-5779
37.555			-5778
37.6551			-5776
37.7551			-5790
37.8551			-5781
37.9552			-5777
38.0552			-5767
38.1553			-5783
38.2553			-5778
38.3553			-5778
38.4554			-5769
38.5554			-5775
38.6555			-5777
38.7555			-5779
38.8555			-5785
38.9556			-5772
39.0556			-5781
39.1557			-5783
39.2557			-5778
39.3557			-5788
39.4558			-5774
39.5558			-5774
39.6559			-5775
39.7559			-5768
39.8559			-5782
39.956			-5786
40.056			-5775
40.1561			-5773
40.2561			-5767
40.3561			-5772
40.4562			-5779
40.5562			-5786
40.6563			-5790
40.7563			-5787
40.8563			-5790
40.9564			-5779
41.0564			-5776
41.1565			-5792
41.2565			-5786
41.3565			-5791
41.4566			-5794
41.5566			-5796
41.6567			-5800
41.7567			-5804
41.8567			-5795
41.9568			-5797
42.0568			-5795
42.1569			-5794
42.2569			-5790
42.3569			-5787
42.457			-5780
42.557			-5791
42.6571			-5781
42.7571			-5786
42.8571			-5791
42.9572			-5794
43.0572			-5782
43.1573			-5795
43.2573			-5800
43.3573			-5795
43.4574			-5786
43.5574			-5779
43.6575			-5793
43.7575			-5783
43.8575			-5780
43.9576			-5796
44.0576			-5794
44.1577			-5804
44.2577			-5805
44.3577			-5800
44.4578			-5786
44.5578			-5782
44.6579			-5778
44.7579			-5781
44.8579			-5776
44.958			-5778
45.058			-5788
45.1581			-5785
45.2581			-5784
45.3581			-5785
45.4582			-5790
45.5582			-5781
45.6583			-5784
45.7583			-5774
45.8583			-5788
45.9584			-5779
46.0584			-5815
46.1585			-5816
46.2585			-5797
46.3585			-5788
46.4586			-5800
46.5586			-5797
46.6587			-5799
46.7587			-5791
46.8587			-5805
46.9588			-5807
47.0588			-5809
47.1589			-5812
47.2589			-5791
47.3589			-5801
47.459			-5794
47.559			-5786
47.6591			-5788
47.7591			-5794
47.8591			-5786
47.9592			-5794
48.0592			-5789
48.1593			-5799
48.2593			-5800
48.3593			-5802
48.4594			-5788
48.5594			-5785
48.6595			-5789
48.7595			-5785
48.8595			-5797
48.9596			-5810
49.0596			-5807
49.1597			-5807
49.2597			-5808
49.3597			-5801
49.4598			-5790
49.5598			-5785
49.6599			-5799
49.7599			-5797
49.8599			-5791
49.96			-5802
50.06			-5801
50.1601			-5802
50.2601			-5802
50.3601			-5803
50.4602			-5796
50.5602			-5804
50.6603			-5796
50.7603			-5811
50.8603			-5805
50.9604			-5819
51.0604			-5822
51.1605			-5806
51.2605			-5809
51.3605			-5804
51.4606			-5806
51.5606			-5807
51.6607			-5797
51.7607			-5794
51.8607			-5790
51.9608			-5791
52.0608			-5788
52.1609			-5782
52.2609			-5791
52.3609			-5792
52.461			-5795
52.561			-5786
52.6611			-5787
52.7611			-5781
52.8611			-5776
52.9612			-5788
53.0612			-5789
53.1613			-5790
53.2613			-5784
53.3613			-5778
53.4614			-5801
53.5614			-5798
53.6615			-5804
53.7615			-5798
53.8615			-5789
53.9616			-5790
54.0616			-5781
54.1617			-5787
54.2617			-5776
54.3617			-5776
54.4618			-5787
54.5618			-5794
54.6619			-5795
54.7619			-5792
54.8619			-5804
54.962			-5804
55.062			-5800
55.1621			-5786
55.2621			-5786
55.3621			-5773
55.4622			-5790
55.5622			-5793
55.6623			-5791
55.7623			-5787
55.8623			-5784
55.9624			-5787
56.0624			-5779
56.1625			-5779
56.2625			-5788
56.3625			-5791
56.4626			-5776
56.5626			-5788
56.6627			-5787
56.7627			-5788
56.8627			-5797
56.9628			-5801
57.0628			-5800
57.1629			-5799
57.2629			-5788
57.3629			-5795
57.463			-5801
57.563			-5801
57.6631			-5783
57.7631			-5799
57.8631			-5783
57.9632			-5785
58.0632			-5786
58.1633			-5779
58.2633			-5791
58.3633			-5786
58.4634			-5780
58.5634			-5771
58.6635			-5788
58.7635			-5794
58.8635			-5804
58.9636			-5805
59.0636			-5806
59.1637			-5799
59.2637			-5788
59.3637			-5801
59.4638			-5799
59.5638			-5792
59.6639			-5795
59.7639			-5782
59.8639			-5779
59.964			-5777
60.064			-5781
60.1641			-5782
60.2641			-5788
60.3641			-5781
60.4642			-5786
60.5642			-5787
60.6643			-5786
60.7643			-5776
60.8643			-5785
60.9644			-5798
61.0644			-5788
61.1645			-5772
61.2645			-5786
61.3645			-5777
61.4646			-5784
61.5646			-5797
61.6647			-5783
61.7647			-5782
61.8647			-5789
61.9648			-5783
62.0648			-5779
62.1649			-5789
62.2649			-5783
62.3649			-5777
62.465			-5780
62.565			-5775
62.6651			-5790
62.7651			-5783
62.8651			-5784
62.9652			-5787
63.0652			-5780
63.1653			-5781
63.2653			-5777
63.3653			-5793
63.4654			-5788
63.5654			-5790
63.6655			-5795
63.7655			-5787
63.8655			-5792
63.9656			-5781
64.0656			-5786
64.1657			-5787
64.2657			-5781
64.3657			-5782
64.4658			-5784
64.5658			-5768
64.6659			-5783
64.7659			-5786
64.8659			-5775
64.966			-5787
65.066			-5782
65.1661			-5786
65.2661			-5792
65.3661			-5793
65.4662			-5788
65.5662			-5800
65.6663			-5796
65.7663			-5789
65.8663			-5798
65.9664			-5799
66.0664			-5792
66.1665			-5796
66.2665			-5795
66.3665			-5803
66.4666			-5789
66.5666			-5799
66.6667			-5809
66.7667			-5801
66.8667			-5797
66.9668			-5787
67.0668			-5789
67.1669			-5788
67.2669			-5787
67.3669			-5785
67.467			-5789
67.567			-5790
67.6671			-5797
67.7671			-5803
67.8671			-5807
67.9672			-5798
68.0672			-5803
68.1673			-5801
68.2673			-5793
68.3673			-5807
68.4674			-5805
68.5674			-5790
68.6675			-5797
68.7675			-5785
68.8675			-5791
68.9676			-5794
69.0676			-5807
69.1677			-5789
69.2677			-5782
69.3677			-5777
69.4678			-5783
69.5678			-5787
69.6679			-5793
69.7679			-5809
69.868			-5801
69.968			-5796
70.068			-5803
70.1681			-5798
70.2681			-5803
70.3681			-5798
70.4682			-5794
70.5682			-5795
70.6683			-5796
70.7683			-5792
70.8683			-5801
70.9684			-5790
71.0684			-5798
71.1685			-5805
71.2685			-5808
71.3685			-5807
71.4686			-5811
71.5686			-5793
71.6687			-5800
71.7687			-5806
71.8687			-5800
71.9688			-5808
72.0688			-5807
72.1689			-5811
72.2689			-5803
72.3689			-5811
72.469			-5808
72.569			-5808
72.6691			-5805
72.7691			-5800
72.8691			-5817
72.9692			-5817
73.0692			-5820
73.1693			-5824
73.2693			-5811
73.3693			-5806
73.4694			-5804
73.5694			-5821
73.6695			-5811
73.7695			-5804
73.8695			-5807
73.9696			-5800
74.0696			-5811
74.1697			-5817
74.2697			-5812
74.3698			-5807
74.4698			-5802
74.5698			-5802
74.6699			-5798
74.7699			-5803
74.8699			-5805
74.97			-5822
75.07			-5801
75.1701			-5810
75.2701			-5800
75.3701			-5805
75.4702			-5801
75.5702			-5793
75.6703			-5788
75.7703			-5779
75.8703			-5786
75.9704			-5798
76.0704			-5789
76.1705			-5786
76.2705			-5791
76.3705			-5794
76.4706			-5800
76.5706			-5806
76.6707			-5810
76.7707			-5806
76.8708			-5818
76.9708			-5803
77.0708			-5802
77.1709			-5815
77.2709			-5806
77.3709			-5808
77.471			-5800
77.571			-5792
77.6711			-5788
77.7711			-5787
77.8711			-5779
77.9712			-5780
78.0712			-5782
78.1713			-5791
78.2713			-5778
78.3713			-5784
78.4714			-5805
78.5714			-5787
78.6715			-5793
78.7715			-5783
78.8716			-5798
78.9716			-5795
79.0716			-5802
79.1717			-5788
79.2717			-5803
79.3717			-5795
79.4718			-5799
79.5718			-5798
79.6719			-5806
79.7719			-5796
79.8719			-5795
79.972			-5804
80.072			-5806
80.1721			-5811
80.2721			-5794
80.3721			-5788
80.4722			-5793
80.5722			-5807
80.6723			-5802
80.7723			-5799
80.8724			-5795
80.9724			-5795
81.0724			-5811
81.1725			-5806
81.2725			-5797
81.3726			-5798
81.4726			-5799
81.5726			-5808
81.6727			-5812
81.7727			-5812
81.8727			-5806
81.9728			-5815
82.0728			-5815
82.1729			-5806
82.2729			-5815
82.3729			-5809
82.473			-5804
82.573			-5809
82.6731			-5821
82.7731			-5816
82.8731			-5808
82.9732			-5803
83.0732			-5801
83.1733			-5797
83.2733			-5792
83.3734			-5802
83.4734			-5812
83.5734			-5803
83.6735			-5796
83.7735			-5800
83.8736			-5807
83.9736			-5817
84.0736			-5817
84.1737			-5805
84.2737			-5809
84.3737			-5830
84.4738			-5819
84.5738			-5812
84.6739			-5823
84.7739			-5813
84.8739			-5811
84.974			-5812
85.074			-5818
85.1741			-5815
85.2741			-5808
85.3742			-5810
85.4742			-5810
85.5742			-5814
85.6743			-5821
85.7743			-5813
85.8744			-5823
85.9744			-5825
86.0744			-5823
86.1745			-5814
86.2745			-5822
86.3745			-5828
86.4746			-5836
86.5746			-5844
86.6747			-5831
86.7747			-5826
86.8747			-5811
86.9748			-5816
87.0748			-5812
87.1749			-5802
87.2749			-5803
87.3749			-5797
87.475			-5818
87.575			-5814
87.6751			-5806
87.7751			-5799
87.8752			-5813
87.9752			-5799
88.0752			-5798
88.1753			-5812
88.2753			-5817
88.3754			-5828
88.4754			-5813
88.5754			-5819
88.6755			-5799
88.7755			-5804
88.8755			-5822
88.9756			-5822
89.0756			-5813
89.1757			-5819
89.2757			-5818
89.3757			-5809
89.4758			-5826
89.5758			-5823
89.6759			-5815
89.7759			-5820
89.876			-5821
89.976			-5811
90.076			-5817
90.1761			-5818
90.2761			-5819
90.3762			-5813
90.4762			-5816
90.5762			-5821
90.6763			-5815
90.7763			-5818
90.8764			-5816
90.9764			-5811
91.0764			-5803
91.1765			-5816
91.2765			-5810
91.3765			-5803
91.4766			-5802
91.5766			-5824
91.6767			-5812
91.7767			-5822
91.8767			-5829
91.9768			-5825
92.0768			-5819
92.1769			-5818
92.2769			-5820
92.377			-5829
92.477			-5819
92.577			-5813
92.6771			-5806
92.7771			-5812
92.8772			-5834
92.9772			-5821
93.0772			-5810
93.1773			-5820
93.2773			-5817
93.3773			-5817
93.4774			-5820
93.5774			-5814
93.6775			-5803
93.7775			-5803
93.8775			-5819
93.9776			-5802
94.0776			-5795
94.1777			-5802
94.2777			-5804
94.3778			-5802
94.4778			-5800
94.5778			-5807
94.6779			-5810
94.7779			-5801
94.878			-5810
94.978			-5815
95.078			-5819
95.1781			-5823
95.2781			-5813
95.3782			-5824
95.4782			-5819
95.5782			-5822
95.6783			-5817
95.7783			-5817
95.8783			-5821
95.9784			-5816
96.0784			-5806
96.1785			-5815
96.2785			-5805
96.3785			-5810
96.4786			-5814
96.5786			-5804
96.6787			-5813
96.7787			-5813
96.8788			-5820
96.9788			-5818
97.0788			-5824
97.1789			-5810
97.2789			-5802
97.379			-5810
97.479			-5813
97.579			-5808
97.6791			-5819
97.7791			-5805
97.8792			-5802
97.9792			-5803
98.0792			-5805
98.1793			-5809
98.2793			-5812
98.3793			-5805
98.4794			-5808
98.5794			-5806
98.6795			-5812
98.7795			-5807
98.8796			-5813
98.9796			-5809
99.0796			-5810
99.1797			-5806
99.2797			-5806
99.3798			-5814
99.4798			-5801
99.5798			-5804
99.6799			-5811
99.7799			-5819
99.88			-5825
99.98			-5827
100.08			-5821
100.18			-5818
100.28			-5830
100.38			-5817
100.48			-5815
100.58			-5822
100.68			-5812
100.78			-5820
100.88			-5809
100.98			-5812
101.08			-5815
101.18			-5819
101.281			-5813
101.381			-5806
101.481			-5809
101.581			-5818
101.681			-5819
101.781			-5813
101.881			-5807
101.981			-5804
102.081			-5810
102.181			-5807
102.281			-5805
102.381			-5808
102.481			-5801
102.581			-5819
102.681			-5816
102.781			-5810
102.881			-5811
102.981			-5806
103.081			-5805
103.181			-5811
103.281			-5813
103.381			-5812
103.481			-5821
103.581			-5822
103.681			-5821
103.782			-5816
103.882			-5811
103.982			-5812
104.082			-5812
104.182			-5814
104.282			-5811
104.382			-5810
104.482			-5814
104.582			-5818
104.682			-5823
104.782			-5823
104.882			-5812
104.982			-5812
105.082			-5822
105.182			-5826
105.282			-5824
105.382			-5824
105.482			-5810
105.582			-5827
105.682			-5815
105.782			-5817
105.882			-5808
105.982			-5810
106.082			-5810
106.182			-5804
106.283			-5811
106.383			-5810
106.483			-5823
106.583			-5816
106.683			-5811
106.783			-5817
106.883			-5813
106.983			-5806
107.083			-5805
107.183			-5804
107.283			-5816
107.383			-5816
107.483			-5813
107.583			-5816
107.683			-5810
107.783			-5807
107.883			-5812
107.983			-5826
108.083			-5819
108.183			-5830
108.283			-5839
108.383			-5825
108.483			-5826
108.583			-5826
108.683			-5831
108.784			-5824
108.884			-5827
108.984			-5820
109.084			-5826
109.184			-5814
109.284			-5815
109.384			-5819
109.484			-5817
109.584			-5825
109.684			-5826
109.784			-5831
109.884			-5835
109.984			-5830
110.084			-5829
110.184			-5823
110.284			-5824
110.384			-5818
110.484			-5820
110.584			-5818
110.684			-5812
110.784			-5815
110.884			-5814
110.984			-5815
111.084			-5804
111.184			-5818
111.285			-5818
111.385			-5820
111.485			-5827
111.585			-5826
111.685			-5816
111.785			-5823
111.885			-5817
111.985			-5806
112.085			-5811
112.185			-5811
112.285			-5806
112.385			-5815
112.485			-5822
112.585			-5814
112.685			-5799
112.785			-5811
112.885			-5826
112.985			-5822
113.085			-5814
113.185			-5814
113.285			-5803
113.385			-5808
113.485			-5814
113.585			-5801
113.685			-5817
113.786			-5816
113.886			-5812
113.986			-5807
114.086			-5809
114.186			-5819
114.286			-5813
114.386			-5802
114.486			-5807
114.586			-5805
114.686			-5801
114.786			-5814
114.886			-5821
114.986			-5818
115.086			-5821
115.186			-5812
115.286			-5810
115.386			-5815
115.486			-5811
115.586			-5817
115.686			-5819
115.786			-5803
115.886			-5802
115.986			-5803
116.086			-5808
116.186			-5801
116.287			-5809
116.387			-5811
116.487			-5819
116.587			-5814
116.687			-5808
116.787			-5809
116.887			-5814
116.987			-5819
117.087			-5813
117.187			-5813
117.287			-5825
117.387			-5824
117.487			-5817
117.587			-5819
117.687			-5827
117.787			-5805
117.887			-5802
117.987			-5796
118.087			-5800
118.187			-5806
118.287			-5811
118.387			-5793
118.487			-5814
118.587			-5807
118.687			-5802
118.788			-5802
118.888			-5796
118.988			-5798
119.088			-5805
119.188			-5800
119.288			-5796
119.388			-5791
119.488			-5802
119.588			-5809
119.688			-5804
119.788			-5795
119.888			-5797
119.988			-5821
120.088			-5807
120.188			-5807
120.288			-5810
120.388			-5808
120.488			-5810
120.588			-5810
120.688			-5805
120.788			-5821
120.888			-5789
120.988			-5803
121.088			-5807
121.188			-5816
121.289			-5816
121.389			-5810
121.489			-5815
121.589			-5810
121.689			-5819
121.789			-5823
121.889			-5820
121.989			-5813
122.089			-5814
122.189			-5813
122.289			-5818
122.389			-5816
122.489			-5826
122.589			-5826
122.689			-5816
122.789			-5813
122.889			-5815
122.989			-5816
123.089			-5820
123.189			-5819
123.289			-5818
123.389			-5829
123.489			-5828
123.589			-5823
123.689			-5810
123.79			-5819
123.89			-5814
123.99			-5819
124.09			-5814
124.19			-5832
124.29			-5826
124.39			-5821
124.49			-5827
124.59			-5817
124.69			-5829
124.79			-5816
124.89			-5827
124.99			-5834
125.09			-5829
125.19			-5827
125.29			-5820
125.39			-5825
125.49			-5825
125.59			-5813
125.69			-5816
125.79			-5824
125.89			-5825
125.99			-5816
126.09			-5807
126.19			-5816
126.291			-5823
126.391			-5816
126.491			-5814
126.591			-5817
126.691			-5825
126.791			-5828
126.891			-5821
126.991			-5829
127.091			-5823
127.191			-5838
127.291			-5832
127.391			-5830
127.491			-5824
127.591			-5822
127.691			-5827
127.791			-5831
127.891			-5832
127.991			-5838
128.091			-5826
128.191			-5825
128.291			-5817
128.391			-5829
128.491			-5839
128.591			-5834
128.691			-5830
128.792			-5833
128.892			-5834
128.992			-5831
129.092			-5825
129.192			-5826
129.292			-5824
129.392			-5833
129.492			-5839
129.592			-5826
129.692			-5827
129.792			-5829
129.892			-5826
129.992			-5819
130.092			-5813
130.192			-5830
130.292			-5839
130.392			-5839
130.492			-5849
130.592			-5836
130.692			-5836
130.792			-5841
130.892			-5851
130.992			-5844
131.092			-5844
131.192			-5834
131.293			-5835
131.393			-5836
131.493			-5836
131.593			-5839
131.693			-5845
131.793			-5840
131.893			-5827
131.993			-5824
132.093			-5830
132.193			-5837
132.293			-5850
132.393			-5840
132.493			-5832
132.593			-5844
132.693			-5823
132.793			-5833
132.893			-5837
132.993			-5844
133.093			-5843
133.193			-5833
133.293			-5835
133.393			-5835
133.493			-5840
133.593			-5847
133.693			-5843
133.794			-5837
133.894			-5834
133.994			-5828
134.094			-5829
134.194			-5834
134.294			-5823
134.394			-5826
134.494			-5836
134.594			-5837
134.694			-5841
134.794			-5831
134.894			-5840
134.994			-5841
135.094			-5845
135.194			-5851
135.294			-5838
135.394			-5859
135.494			-5845
135.594			-5850
135.694			-5852
135.794			-5850
135.894			-5840
135.994			-5830
136.094			-5831
136.194			-5857
136.295			-5849
136.395			-5837
136.495			-5840
136.595			-5846
136.695			-5835
136.795			-5829
136.895			-5831
136.995			-5845
137.095			-5856
137.195			-5850
137.295			-5847
137.395			-5859
137.495			-5857
137.595			-5846
137.695			-5845
137.795			-5844
137.895			-5852
137.995			-5858
138.095			-5863
138.195			-5852
138.295			-5852
138.395			-5843
138.495			-5859
138.595			-5855
138.695			-5852
138.796			-5852
138.896			-5856
138.996			-5859
139.096			-5871
139.196			-5870
139.296			-5860
139.396			-5856
139.496			-5865
139.596			-5874
139.696			-5859
139.796			-5862
139.896			-5848
139.996			-5844
140.096			-5851
140.196			-5842
140.296			-5838
140.396			-5833
140.496			-5838
140.596			-5844
140.696			-5853
140.796			-5842
140.896			-5844
140.996			-5847
141.096			-5845
141.196			-5856
141.297			-5859
141.397			-5850
141.497			-5843
141.597			-5851
141.697			-5850
141.797			-5858
141.897			-5868
141.997			-5857
142.097			-5854
142.197			-5865
142.297			-5859
142.397			-5842
142.497			-5850
142.597			-5861
142.697			-5860
142.797			-5853
142.897			-5852
142.997			-5850
143.097			-5849
143.197			-5856
143.297			-5856
143.397			-5853
143.497			-5844
143.597			-5849
143.697			-5848
143.798			-5856
143.898			-5849
143.998			-5844
144.098			-5838
144.198			-5828
144.298			-5827
144.398			-5832
144.498			-5828
144.598			-5828
144.698			-5840
144.798			-5846
144.898			-5852
144.998			-5847
145.098			-5842
145.198			-5848
145.298			-5839
145.398			-5842
145.498			-5840
145.598			-5838
145.698			-5837
145.798			-5836
145.898			-5852
145.998			-5854
146.098			-5859
146.198			-5854
146.299			-5847
146.399			-5843
146.499			-5846
146.599			-5832
146.699			-5837
146.799			-5857
146.899			-5848
146.999			-5845
147.099			-5845
147.199			-5842
147.299			-5833
147.399			-5838
147.499			-5854
147.599			-5850
147.699			-5844
147.799			-5843
147.899			-5845
147.999			-5840
148.099			-5842
148.199			-5841
148.299			-5852
148.399			-5839
148.499			-5838
148.599			-5838
148.699			-5831
148.8			-5832
148.9			-5834
149			-5825
149.1			-5836
149.2			-5821
149.3			-5832
149.4			-5836
149.5			-5851
149.6			-5836
149.7			-5840
149.8			-5837
149.9			-5828
150			-5814
