150			-5826
149.9			-5828
149.8			-5833
149.7			-5833
149.6			-5839
149.5			-5830
149.4			-5848
149.3			-5838
149.2			-5843
149.1			-5846
149			-5851
148.9			-5842
148.8			-5846
148.699			-5837
148.599			-5832
148.499			-5839
148.399			-5838
148.299			-5840
148.199			-5834
148.099			-5839
147.999			-5840
147.899			-5836
147.799			-5837
147.699			-5842
147.599			-5835
147.499			-5835
147.399			-5837
147.299			-5837
147.199			-5838
147.099			-5834
146.999			-5827
146.899			-5842
146.799			-5838
146.699			-5846
146.599			-5842
146.499			-5841
146.399			-5845
146.299			-5842
146.198			-5841
146.098			-5839
145.998			-5843
145.898			-5835
145.798			-5838
145.698			-5843
145.598			-5834
145.498			-5849
145.398			-5849
145.298			-5843
145.198			-5838
145.098			-5849
144.998			-5846
144.898			-5843
144.798			-5849
144.698			-5856
144.598			-5854
144.498			-5855
144.398			-5859
144.298			-5853
144.198			-5850
144.098			-5862
143.998			-5848
143.898			-5850
143.798			-5851
143.697			-5863
143.597			-5858
143.497			-5852
143.397			-5861
143.297			-5852
143.197			-5845
143.097			-5858
142.997			-5867
142.897			-5859
142.797			-5850
142.697			-5855
142.597			-5849
142.497			-5846
142.397			-5853
142.297			-5856
142.197			-5857
142.097			-5853
141.997			-5863
141.897			-5863
141.797			-5862
141.697			-5855
141.597			-5860
141.497			-5856
141.397			-5862
141.297			-5858
141.196			-5865
141.096			-5867
140.996			-5863
140.896			-5852
140.796			-5862
140.696			-5865
140.596			-5868
140.496			-5862
140.396			-5870
140.296			-5866
140.196			-5864
140.096			-5857
139.996			-5860
139.896			-5864
139.796			-5856
139.696			-5861
139.596			-5859
139.496			-5863
139.396			-5865
139.296			-5859
139.196			-5871
139.096			-5870
138.996			-5876
138.896			-5868
138.796			-5865
138.695			-5869
138.595			-5861
138.495			-5867
138.395			-5858
138.295			-5863
138.195			-5859
138.095			-5855
137.995			-5855
137.895			-5854
137.795			-5852
137.695			-5873
137.595			-5869
137.495			-5872
137.395			-5867
137.295			-5868
137.195			-5865
137.095			-5868
136.995			-5862
136.895			-5859
136.795			-5851
136.695			-5851
136.595			-5867
136.495			-5862
136.395			-5866
136.295			-5860
136.194			-5870
136.094			-5870
135.994			-5842
135.894			-5863
135.794			-5870
135.694			-5869
135.594			-5860
135.494			-5869
135.394			-5863
135.294			-5857
135.194			-5854
135.094			-5856
134.994			-5853
134.894			-5869
134.794			-5859
134.694			-5861
134.594			-5863
134.494			-5874
134.394			-5868
134.294			-5870
134.194			-5860
134.094			-5856
133.994			-5864
133.894			-5863
133.794			-5863
133.693			-5874
133.593			-5865
133.493			-5858
133.393			-5864
133.293			-5860
133.193			-5864
133.093			-5883
132.993			-5872
132.893			-5850
132.793			-5854
132.693			-5865
132.593			-5874
132.493			-5863
132.393			-5871
132.293			-5873
132.193			-5862
132.093			-5867
131.993			-5891
131.893			-5873
131.793			-5853
131.693			-5869
131.593			-5868
131.493			-5883
131.393			-5873
131.293			-5878
131.192			-5878
131.092			-5891
130.992			-5881
130.892			-5879
130.792			-5875
130.692			-5872
130.592			-5867
130.492			-5872
130.392			-5876
130.292			-5875
130.192			-5878
130.092			-5869
129.992			-5872
129.892			-5879
129.792			-5867
129.692			-5874
129.592			-5868
129.492			-5864
129.392			-5859
129.292			-5853
129.192			-5858
129.092			-5856
128.992			-5861
128.892			-5864
128.792			-5870
128.691			-5850
128.591			-5859
128.491			-5856
128.391			-5855
128.291			-5864
128.191			-5870
128.091			-5872
127.991			-5873
127.891			-5860
127.791			-5866
127.691			-5853
127.591			-5860
127.491			-5864
127.391			-5860
127.291			-5857
127.191			-5869
127.091			-5866
126.991			-5859
126.891			-5869
126.791			-5869
126.691			-5868
126.591			-5872
126.491			-5863
126.391			-5871
126.291			-5857
126.19			-5870
126.09			-5883
125.99			-5895
125.89			-5880
125.79			-5877
125.69			-5867
125.59			-5873
125.49			-5865
125.39			-5866
125.29			-5867
125.19			-5865
125.09			-5866
124.99			-5855
124.89			-5856
124.79			-5859
124.69			-5852
124.59			-5859
124.49			-5877
124.39			-5888
124.29			-5892
124.19			-5879
124.09			-5876
123.99			-5871
123.89			-5863
123.79			-5865
123.689			-5875
123.589			-5870
123.489			-5869
123.389			-5866
123.289			-5860
123.189			-5854
123.089			-5845
122.989			-5859
122.889			-5871
122.789			-5884
122.689			-5877
122.589			-5873
122.489			-5877
122.389			-5878
122.289			-5883
122.189			-5896
122.089			-5892
121.989			-5878
121.889			-5869
121.789			-5874
121.689			-5876
121.589			-5884
121.489			-5885
121.389			-5878
121.289			-5883
121.188			-5877
121.088			-5873
120.988			-5870
120.888			-5873
120.788			-5866
120.688			-5865
120.588			-5869
120.488			-5868
120.388			-5869
120.288			-5860
120.188			-5856
120.088			-5866
119.988			-5856
119.888			-5854
119.788			-5865
119.688			-5874
119.588			-5874
119.488			-5864
119.388			-5874
119.288			-5870
119.188			-5870
119.088			-5871
118.988			-5882
118.888			-5876
118.788			-5877
118.687			-5876
118.587			-5866
118.487			-5875
118.387			-5883
118.287			-5881
118.187			-5883
118.087			-5882
117.987			-5863
117.887			-5870
117.787			-5880
117.687			-5878
117.587			-5885
117.487			-5878
117.387			-5880
117.287			-5875
117.187			-5877
117.087			-5882
116.987			-5882
116.887			-5881
116.787			-5869
116.687			-5879
116.587			-5863
116.487			-5869
116.387			-5878
116.287			-5875
116.186			-5872
116.086			-5876
115.986			-5872
115.886			-5862
115.786			-5876
115.686			-5876
115.586			-5871
115.486			-5872
115.386			-5876
115.286			-5862
115.186			-5868
115.086			-5867
114.986			-5870
114.886			-5866
114.786			-5872
114.686			-5882
114.586			-5882
114.486			-5875
114.386			-5872
114.286			-5867
114.186			-5865
114.086			-5869
113.986			-5880
113.886			-5878
113.786			-5876
113.685			-5874
113.585			-5872
113.485			-5871
113.385			-5867
113.285			-5864
113.185			-5870
113.085			-5876
112.985			-5880
112.885			-5867
112.785			-5876
112.685			-5872
112.585			-5889
112.485			-5884
112.385			-5879
112.285			-5882
112.185			-5885
112.085			-5888
111.985			-5884
111.885			-5889
111.785			-5893
111.685			-5893
111.585			-5886
111.485			-5881
111.385			-5884
111.285			-5881
111.184			-5893
111.084			-5893
110.984			-5878
110.884			-5880
110.784			-5874
110.684			-5871
110.584			-5874
110.484			-5872
110.384			-5870
110.284			-5876
110.184			-5876
110.084			-5885
109.984			-5873
109.884			-5881
109.784			-5871
109.684			-5873
109.584			-5867
109.484			-5880
109.384			-5879
109.284			-5888
109.184			-5870
109.084			-5877
108.984			-5876
108.884			-5877
108.784			-5890
108.683			-5890
108.583			-5889
108.483			-5888
108.383			-5875
108.283			-5886
108.183			-5883
108.083			-5887
107.983			-5879
107.883			-5881
107.783			-5880
107.683			-5883
107.583			-5881
107.483			-5880
107.383			-5862
107.283			-5875
107.183			-5882
107.083			-5877
106.983			-5879
106.883			-5875
106.783			-5875
106.683			-5867
106.583			-5871
106.483			-5877
106.383			-5875
106.283			-5872
106.182			-5880
106.082			-5875
105.982			-5878
105.882			-5880
105.782			-5875
105.682			-5873
105.582			-5871
105.482			-5880
105.382			-5884
105.282			-5872
105.182			-5863
105.082			-5868
104.982			-5872
104.882			-5886
104.782			-5885
104.682			-5877
104.582			-5880
104.482			-5888
104.382			-5881
104.282			-5865
104.182			-5871
104.082			-5876
103.982			-5872
103.882			-5879
103.782			-5872
103.681			-5887
103.581			-5878
103.481			-5873
103.381			-5881
103.281			-5890
103.181			-5869
103.081			-5881
102.981			-5874
102.881			-5874
102.781			-5872
102.681			-5865
102.581			-5868
102.481			-5885
102.381			-5880
102.281			-5868
102.181			-5874
102.081			-5882
101.981			-5895
101.881			-5876
101.781			-5891
101.681			-5890
101.581			-5886
101.481			-5894
101.381			-5900
101.281			-5894
101.18			-5890
101.08			-5882
100.98			-5884
100.88			-5886
100.78			-5889
100.68			-5885
100.58			-5883
100.48			-5889
100.38			-5901
100.28			-5890
100.18			-5892
100.08			-5882
99.98			-5880
99.88			-5885
99.7799			-5892
99.6799			-5891
99.5798			-5882
99.4798			-5889
99.3798			-5874
99.2797			-5873
99.1797			-5875
99.0796			-5882
98.9796			-5895
98.8796			-5899
98.7795			-5887
98.6795			-5889
98.5794			-5885
98.4794			-5883
98.3793			-5876
98.2793			-5887
98.1793			-5888
98.0792			-5891
97.9792			-5890
97.8792			-5885
97.7791			-5874
97.6791			-5867
97.579			-5863
97.479			-5873
97.379			-5879
97.2789			-5868
97.1789			-5887
97.0788			-5888
96.9788			-5893
96.8788			-5878
96.7787			-5885
96.6787			-5881
96.5786			-5880
96.4786			-5871
96.3785			-5875
96.2785			-5879
96.1785			-5876
96.0784			-5882
95.9784			-5866
95.8783			-5882
95.7783			-5886
95.6783			-5892
95.5782			-5897
95.4782			-5893
95.3782			-5881
95.2781			-5890
95.1781			-5893
95.078			-5890
94.978			-5893
94.878			-5898
94.7779			-5901
94.6779			-5904
94.5778			-5906
94.4778			-5898
94.3778			-5893
94.2777			-5889
94.1777			-5900
94.0776			-5906
93.9776			-5904
93.8775			-5901
93.7775			-5896
93.6775			-5893
93.5774			-5893
93.4774			-5891
93.3773			-5900
93.2773			-5889
93.1773			-5894
93.0772			-5890
92.9772			-5885
92.8772			-5899
92.7771			-5892
92.6771			-5889
92.577			-5877
92.477			-5871
92.377			-5874
92.2769			-5884
92.1769			-5891
92.0768			-5892
91.9768			-5881
91.8767			-5888
91.7767			-5890
91.6767			-5895
91.5766			-5891
91.4766			-5886
91.3765			-5877
91.2765			-5873
91.1765			-5888
91.0764			-5888
90.9764			-5898
90.8764			-5899
90.7763			-5901
90.6763			-5908
90.5762			-5902
90.4762			-5894
90.3762			-5886
90.2761			-5886
90.1761			-5879
90.076			-5892
89.976			-5887
89.876			-5880
89.7759			-5898
89.6759			-5891
89.5758			-5881
89.4758			-5879
89.3757			-5892
89.2757			-5901
89.1757			-5908
89.0756			-5914
88.9756			-5906
88.8755			-5912
88.7755			-5898
88.6755			-5899
88.5754			-5900
88.4754			-5905
88.3754			-5900
88.2753			-5892
88.1753			-5900
88.0752			-5900
87.9752			-5903
87.8752			-5901
87.7751			-5879
87.6751			-5891
87.575			-5895
87.475			-5890
87.3749			-5896
87.2749			-5906
87.1749			-5894
87.0748			-5902
86.9748			-5908
86.8747			-5892
86.7747			-5896
86.6747			-5897
86.5746			-5892
86.4746			-5890
86.3745			-5887
86.2745			-5891
86.1745			-5887
86.0744			-5898
85.9744			-5902
85.8744			-5904
85.7743			-5902
85.6743			-5888
85.5742			-5906
85.4742			-5905
85.3742			-5892
85.2741			-5894
85.1741			-5884
85.074			-5892
84.974			-5894
84.8739			-5887
84.7739			-5884
84.6739			-5899
84.5738			-5901
84.4738			-5902
84.3737			-5897
84.2737			-5896
84.1737			-5889
84.0736			-5893
83.9736			-5894
83.8736			-5888
83.7735			-5889
83.6735			-5906
83.5734			-5909
83.4734			-5916
83.3734			-5903
83.2733			-5914
83.1733			-5909
83.0732			-5904
82.9732			-5906
82.8731			-5904
82.7731			-5908
82.6731			-5907
82.573			-5900
82.473			-5897
82.3729			-5904
82.2729			-5895
82.1729			-5892
82.0728			-5896
81.9728			-5892
81.8727			-5885
81.7727			-5895
81.6727			-5896
81.5726			-5890
81.4726			-5892
81.3726			-5891
81.2725			-5903
81.1725			-5900
81.0724			-5885
80.9724			-5893
80.8724			-5891
80.7723			-5892
80.6723			-5892
80.5722			-5889
80.4722			-5891
80.3721			-5896
80.2721			-5887
80.1721			-5897
80.072			-5908
79.972			-5884
79.8719			-5896
79.7719			-5894
79.6719			-5904
79.5718			-5892
79.4718			-5908
79.3717			-5907
79.2717			-5907
79.1717			-5896
79.0716			-5892
78.9716			-5884
78.8716			-5884
78.7715			-5880
78.6715			-5894
78.5714			-5886
78.4714			-5895
78.3713			-5895
78.2713			-5901
78.1713			-5883
78.0712			-5885
77.9712			-5890
77.8711			-5889
77.7711			-5894
77.6711			-5905
77.571			-5900
77.471			-5896
77.3709			-5889
77.2709			-5898
77.1709			-5896
77.0708			-5889
76.9708			-5884
76.8708			-5896
76.7707			-5903
76.6707			-5887
76.5706			-5896
76.4706			-5901
76.3705			-5907
76.2705			-5918
76.1705			-5910
76.0704			-5896
75.9704			-5919
75.8703			-5913
75.7703			-5909
75.6703			-5920
75.5702			-5913
75.4702			-5900
75.3701			-5893
75.2701			-5888
75.1701			-5893
75.07			-5902
74.97			-5904
74.8699			-5901
74.7699			-5901
74.6699			-5901
74.5698			-5907
74.4698			-5909
74.3698			-5914
74.2697			-5905
74.1697			-5909
74.0696			-5908
73.9696			-5911
73.8695			-5910
73.7695			-5893
73.6695			-5882
73.5694			-5900
73.4694			-5892
73.3693			-5893
73.2693			-5895
73.1693			-5896
73.0692			-5894
72.9692			-5889
72.8691			-5902
72.7691			-5903
72.6691			-5905
72.569			-5919
72.469			-5913
72.3689			-5906
72.2689			-5905
72.1689			-5914
72.0688			-5908
71.9688			-5905
71.8687			-5897
71.7687			-5891
71.6687			-5902
71.5686			-5907
71.4686			-5894
71.3685			-5908
71.2685			-5903
71.1685			-5900
71.0684			-5909
70.9684			-5908
70.8683			-5920
70.7683			-5916
70.6683			-5905
70.5682			-5898
70.4682			-5901
70.3681			-5897
70.2681			-5898
70.1681			-5907
70.068			-5908
69.968			-5909
69.868			-5899
69.7679			-5915
69.6679			-5915
69.5678			-5913
69.4678			-5917
69.3677			-5923
69.2677			-5926
69.1677			-5919
69.0676			-5914
68.9676			-5910
68.8675			-5900
68.7675			-5903
68.6675			-5906
68.5674			-5904
68.4674			-5906
68.3673			-5908
68.2673			-5899
68.1673			-5889
68.0672			-5888
67.9672			-5887
67.8671			-5905
67.7671			-5903
67.6671			-5901
67.567			-5894
67.467			-5887
67.3669			-5904
67.2669			-5903
67.1669			-5899
67.0668			-5905
66.9668			-5903
66.8667			-5903
66.7667			-5896
66.6667			-5914
66.5666			-5904
66.4666			-5902
66.3665			-5903
66.2665			-5906
66.1665			-5906
66.0664			-5914
65.9664			-5910
65.8663			-5902
65.7663			-5897
65.6663			-5901
65.5662			-5896
65.4662			-5903
65.3661			-5896
65.2661			-5906
65.1661			-5903
65.066			-5904
64.966			-5904
64.8659			-5896
64.7659			-5889
64.6659			-5889
64.5658			-5891
64.4658			-5892
64.3657			-5889
64.2657			-5888
64.1657			-5888
64.0656			-5895
63.9656			-5896
63.8655			-5910
63.7655			-5913
63.6655			-5902
63.5654			-5909
63.4654			-5911
63.3653			-5911
63.2653			-5899
63.1653			-5907
63.0652			-5904
62.9652			-5907
62.8651			-5897
62.7651			-5902
62.6651			-5900
62.565			-5897
62.465			-5902
62.3649			-5902
62.2649			-5901
62.1649			-5894
62.0648			-5886
61.9648			-5895
61.8647			-5902
61.7647			-5910
61.6647			-5912
61.5646			-5907
61.4646			-5911
61.3645			-5911
61.2645			-5906
61.1645			-5901
61.0644			-5907
60.9644			-5895
60.8643			-5897
60.7643			-5896
60.6643			-5893
60.5642			-5901
60.4642			-5913
60.3641			-5905
60.2641			-5900
60.1641			-5900
60.064			-5898
59.964			-6370
59.8639			-7280
59.7639			-7254
59.6639			-7234
59.5638			-7227
59.4638			-7220
59.3637			-7203
59.2637			-7197
59.1637			-7204
59.0636			-7179
58.9636			-7178
58.8635			-7174
58.7635			-7164
58.6635			-7166
58.5634			-7158
58.4634			-7151
58.3633			-7156
58.2633			-7159
58.1633			-7144
58.0632			-7151
57.9632			-7155
57.8631			-7160
57.7631			-7151
57.6631			-7148
57.563			-7128
57.463			-7118
57.3629			-7137
57.2629			-7141
57.1629			-7121
57.0628			-7121
56.9628			-7112
56.8627			-7112
56.7627			-7111
56.6627			-7097
56.5626			-7081
56.4626			-7094
56.3625			-7084
56.2625			-7092
56.1625			-7096
56.0624			-7088
55.9624			-7072
55.8623			-7051
55.7623			-7052
55.6623			-7042
55.5622			-7043
55.4622			-7032
55.3621			-7039
55.2621			-7031
55.1621			-7010
55.062			-7016
54.962			-7028
54.8619			-7019
54.7619			-7002
54.6619			-6999
54.5618			-6994
54.4618			-6982
54.3617			-6964
54.2617			-6982
54.1617			-6966
54.0616			-6950
53.9616			-6945
53.8615			-6954
53.7615			-6956
53.6615			-6952
53.5614			-6950
53.4614			-6947
53.3613			-6930
53.2613			-6925
53.1613			-6921
53.0612			-6913
52.9612			-6908
52.8611			-6902
52.7611			-6907
52.6611			-6909
52.561			-6903
52.461			-6878
52.3609			-6876
52.2609			-6873
52.1609			-6855
52.0608			-6847
51.9608			-6850
51.8607			-6845
51.7607			-6847
51.6607			-6836
51.5606			-6807
51.4606			-6822
51.3605			-6803
51.2605			-6791
51.1605			-6799
51.0604			-6778
50.9604			-6778
50.8603			-6780
50.7603			-6774
50.6603			-6769
50.5602			-6766
50.4602			-6740
50.3601			-6748
50.2601			-6728
50.1601			-6718
50.06			-6711
49.96			-6709
49.8599			-6711
49.7599			-6695
49.6599			-6699
49.5598			-6656
49.4598			-6649
49.3597			-6638
49.2597			-6632
49.1597			-6638
49.0596			-6630
48.9596			-6615
48.8595			-6611
48.7595			-6595
48.6595			-6600
48.5594			-6583
48.4594			-6583
48.3593			-6569
48.2593			-6569
48.1593			-6564
48.0592			-6552
47.9592			-6538
47.8591			-6518
47.7591			-6506
47.6591			-6495
47.559			-6503
47.459			-6478
47.3589			-6485
47.2589			-6467
47.1589			-6445
47.0588			-6450
46.9588			-6430
46.8587			-6427
46.7587			-6417
46.6587			-6416
46.5586			-6403
46.4586			-6391
46.3585			-6357
46.2585			-6364
46.1585			-6354
46.0584			-6339
45.9584			-6351
45.8583			-6334
45.7583			-6323
45.6583			-6330
45.5582			-6306
45.4582			-6292
45.3581			-6281
45.2581			-6271
45.1581			-6273
45.058			-6273
44.958			-6244
44.8579			-6219
44.7579			-6219
44.6579			-6212
44.5578			-6199
44.4578			-6186
44.3577			-6184
44.2577			-6177
44.1577			-6177
44.0576			-6169
43.9576			-6148
43.8575			-6136
43.7575			-6115
43.6575			-6105
43.5574			-6103
43.4574			-6087
43.3573			-6084
43.2573			-6064
43.1573			-6069
43.0572			-6049
42.9572			-6048
42.8571			-6042
42.7571			-6028
42.6571			-6025
42.557			-6004
42.457			-6001
42.3569			-6004
42.2569			-5987
42.1569			-5970
42.0568			-5965
41.9568			-5940
41.8567			-5939
41.7567			-5953
41.6567			-5953
41.5566			-5933
41.4566			-5921
41.3565			-5918
41.2565			-5909
41.1565			-5882
41.0564			-5878
40.9564			-5867
40.8563			-5852
40.7563			-5853
40.6563			-5850
40.5562			-5830
40.4562			-5817
40.3561			-5809
40.2561			-5794
40.1561			-5792
40.056			-5804
39.956			-5797
39.8559			-5785
39.7559			-5784
39.6559			-5756
39.5558			-5745
39.4558			-5728
39.3557			-5729
39.2557			-5711
39.1557			-5704
39.0556			-5693
38.9556			-5690
38.8555			-5690
38.7555			-5688
38.6555			-5698
38.5554			-5684
38.4554			-5661
38.3553			-5657
38.2553			-5644
38.1553			-5640
38.0552			-5655
37.9552			-5652
37.8551			-5639
37.7551			-5609
37.6551			-5605
37.555			-5604
37.455			-5584
37.3549			-5582
37.2549			-5576
37.1549			-5599
37.0548			-5608
36.9548			-5586
36.8547			-5563
36.7547			-5564
36.6547			-5523
36.5546			-5527
36.4546			-5528
36.3545			-5522
36.2545			-5513
36.1545			-5506
36.0544			-5500
35.9544			-5485
35.8543			-5462
35.7543			-5460
35.6543			-5453
35.5542			-5435
35.4542			-5461
35.3541			-5447
35.2541			-5432
35.1541			-5440
35.054			-5450
34.954			-5414
34.8539			-5400
34.7539			-5397
34.6539			-5411
34.5538			-5417
34.4538			-5399
34.3537			-5387
34.2537			-5386
34.1537			-5372
34.0536			-5356
33.9536			-5348
33.8535			-5333
33.7535			-5336
33.6535			-5333
33.5534			-5312
33.4534			-5323
33.3533			-5336
33.2533			-5324
33.1533			-5298
33.0532			-5283
32.9532			-5301
32.8531			-5288
32.7531			-5278
32.6531			-5278
32.553			-5271
32.453			-5273
32.3529			-5267
32.2529			-5256
32.1529			-5242
32.0528			-5257
31.9528			-5240
31.8527			-5237
31.7527			-5238
31.6527			-5243
31.5526			-5231
31.4526			-5217
31.3525			-5220
31.2525			-5199
31.1525			-5160
31.0524			-5174
30.9524			-5171
30.8523			-5180
30.7523			-5174
30.6523			-5164
30.5522			-5156
30.4522			-5141
30.3521			-5130
30.2521			-5121
30.1521			-5124
30.052			-5120
29.952			-5116
29.8519			-5119
29.7519			-5140
29.6519			-5129
29.5518			-5102
29.4518			-5098
29.3517			-5103
29.2517			-5094
29.1517			-5085
29.0516			-5069
28.9516			-5075
28.8515			-5076
28.7515			-5077
28.6515			-5073
28.5514			-5087
28.4514			-5071
28.3513			-5080
28.2513			-5083
28.1513			-5076
28.0512			-5064
27.9512			-5038
27.8511			-5040
27.7511			-5063
27.6511			-5079
27.551			-5068
27.451			-5050
27.3509			-5034
27.2509			-5031
27.1509			-5013
27.0508			-5017
26.9508			-5005
26.8507			-4978
26.7507			-5002
26.6507			-4988
26.5506			-5004
26.4506			-5003
26.3505			-4999
26.2505			-4982
26.1505			-4979
26.0504			-4988
25.9504			-4981
25.8503			-4978
25.7503			-4963
25.6503			-4951
25.5502			-4955
25.4502			-4949
25.3501			-4911
25.2501			-4920
25.1501			-4913
25.05			-4913
24.95			-4898
24.8499			-4870
24.7499			-4875
24.6499			-4845
24.5498			-4852
24.4498			-4833
24.3497			-4848
24.2497			-4842
24.1497			-4826
24.0496			-4833
23.9496			-4842
23.8495			-4832
23.7495			-4842
23.6495			-4846
23.5494			-4861
23.4494			-4849
23.3493			-4856
23.2493			-4830
23.1493			-4798
23.0492			-4794
22.9492			-4787
22.8491			-4791
22.7491			-4776
22.6491			-4769
22.549			-4789
22.449			-4763
22.3489			-4775
22.2489			-4761
22.1489			-4762
22.0488			-4748
21.9488			-4772
21.8487			-4777
21.7487			-4772
21.6487			-4752
21.5486			-4724
21.4486			-4730
21.3485			-4731
21.2485			-4705
21.1485			-4698
21.0484			-4686
20.9484			-4673
20.8483			-4674
20.7483			-4631
20.6483			-4638
20.5482			-4652
20.4482			-4633
20.3481			-4631
20.2481			-4618
20.1481			-4617
20.048			-4604
19.948			-4595
19.8479			-4597
19.7479			-4603
19.6479			-4573
19.5478			-4584
19.4478			-4567
19.3477			-4568
19.2477			-4550
19.1477			-4538
19.0476			-4526
18.9476			-4527
18.8475			-4525
18.7475			-4523
18.6475			-4524
18.5474			-4505
18.4474			-4516
18.3473			-4511
18.2473			-4488
18.1473			-4483
18.0472			-4507
17.9472			-4476
17.8471			-4459
17.7471			-4453
17.6471			-4449
17.547			-4456
17.447			-4465
17.3469			-4438
17.2469			-4459
17.1469			-4453
17.0468			-4451
16.9468			-4446
16.8467			-4475
16.7467			-4443
16.6467			-4445
16.5466			-4450
16.4466			-4448
16.3465			-4454
16.2465			-4436
16.1465			-4441
16.0464			-4436
15.9464			-4407
15.8463			-4431
15.7463			-4430
15.6463			-4453
15.5462			-4458
15.4462			-4453
15.3461			-4448
15.2461			-4435
15.1461			-4451
15.046			-4430
14.946			-4403
14.8459			-4378
14.7459			-4385
14.6459			-4390
14.5458			-4391
14.4458			-4384
14.3457			-4369
14.2457			-4335
14.1457			-4311
14.0456			-4331
13.9456			-4313
13.8455			-4291
13.7455			-4292
13.6455			-4298
13.5454			-4294
13.4454			-4283
13.3453			-4249
13.2453			-4248
13.1453			-4249
13.0452			-4250
12.9452			-4221
12.8451			-4223
12.7451			-4209
12.6451			-4223
12.545			-4204
12.445			-4166
12.3449			-4175
12.2449			-4177
12.1449			-4139
12.0448			-4159
11.9448			-4145
11.8447			-4115
11.7447			-4125
11.6447			-4155
11.5446			-4180
11.4446			-4162
11.3445			-4153
11.2445			-4133
11.1445			-4124
11.0444			-4115
10.9444			-4113
10.8443			-4117
10.7443			-4086
10.6443			-4067
10.5442			-4050
10.4442			-4042
10.3441			-4023
10.2441			-4022
10.1441			-4003
10.044			-4017
9.94398			-4000
9.84394			-3971
9.7439			-3966
9.64386			-3965
9.54382			-3963
9.44378			-3970
9.34374			-3970
9.2437			-3935
9.14366			-3925
9.04362			-3884
8.94358			-3910
8.84354			-3908
8.7435			-3900
8.64346			-3890
8.54342			-3868
8.44338			-3833
8.34334			-3868
8.2433			-3833
8.14326			-3818
8.04322			-3789
7.94318			-3771
7.84314			-3779
7.7431			-3800
7.64306			-3803
7.54302			-3799
7.44298			-3787
7.34294			-3773
7.2429			-3776
7.14286			-3794
7.04282			-3771
6.94278			-3786
6.84274			-3755
6.7427			-3726
6.64266			-3721
6.54262			-3704
6.44258			-3689
6.34254			-3704
6.2425			-3661
6.14246			-3652
6.04242			-3616
5.94238			-3628
5.84234			-3612
5.7423			-3581
5.64226			-3558
5.54222			-3528
5.44218			-3545
5.34214			-3503
5.2421			-3479
5.14206			-3456
5.04202			-3407
4.94198			-3416
4.84194			-3434
4.7419			-3385
4.64186			-3350
4.54182			-3348
4.44178			-3278
4.34174			-3275
4.2417			-3270
4.14166			-3259
4.04162			-3256
3.94158			-3249
3.84154			-3226
3.7415			-3236
3.64146			-3179
3.54142			-3170
3.44138			-3170
3.34134			-3148
3.2413			-3133
3.14126			-3090
3.04122			-3080
2.94118			-3042
2.84114			-2996
2.7411			-2981
2.64106			-2969
2.54102			-2933
2.44098			-2941
2.34094			-2932
2.2409			-2902
2.14086			-2831
2.04082			-2772
1.94078			-2738
1.84074			-2744
1.7407			-2732
1.64066			-2711
1.54062			-2685
1.44058			-2634
1.34054			-2603
1.2405			-2609
1.14046			-2562
1.04042			-2531
0.940376			-2511
0.840336			-2462
0.740296			-2418
0.640256			-2414
0.540216			-2382
0.440176			-2306
0.340136			-2267
0.240096			-2243
0.140056			-2239
0.040016			-2223
-0.060024			-2179
-0.160064			-2123
-0.260104			-2071
-0.360144			-2046
-0.460184			-2031
-0.560224			-2003
-0.660264			-1965
-0.760304			-1953
-0.860344			-1896
-0.960384			-1848
-1.06042			-1811
-1.16046			-1797
-1.2605			-1760
-1.36054			-1735
-1.46058			-1709
-1.56062			-1666
-1.66066			-1643
-1.7607			-1630
-1.86074			-1595
-1.96078			-1563
-2.06082			-1515
-2.16086			-1447
-2.2609			-1420
-2.36094			-1383
-2.46098			-1371
-2.56102			-1348
-2.66106			-1312
-2.7611			-1251
-2.86114			-1187
-2.96118			-1172
-3.06122			-1149
-3.16126			-1134
-3.2613			-1063
-3.36134			-1034
-3.46138			-1002
-3.56142			-967
-3.66146			-932
-3.7615			-914
-3.86154			-860
-3.96158			-805
-4.06162			-794
-4.16166			-764
-4.2617			-727
-4.36174			-697
-4.46178			-647
-4.56182			-560
-4.66186			-543
-4.7619			-503
-4.86194			-479
-4.96198			-499
-5.06202			-451
-5.16207			-388
-5.2621			-375
-5.36214			-308
-5.46218			-294
-5.56222			-253
-5.66226			-198
-5.7623			-194
-5.86234			-122
-5.96239			-90
-6.06243			-65
-6.16247			2
-6.26251			12
-6.36255			47
-6.46258			121
-6.56262			145
-6.66266			165
-6.7627			201
-6.86275			240
-6.96279			267
-7.06283			306
-7.16287			367
-7.26291			420
-7.36295			429
-7.46299			446
-7.56302			547
-7.66307			607
-7.76311			604
-7.86315			637
-7.96319			669
-8.06323			729
-8.16327			777
-8.26331			806
-8.36335			859
-8.46339			865
-8.56343			888
-8.66347			941
-8.7635			974
-8.86355			1022
-8.96359			1062
-9.06363			1103
-9.16367			1112
-9.26371			1142
-9.36375			1187
-9.46379			1256
-9.56383			1262
-9.66387			1330
-9.76391			1352
-9.86395			1402
-9.96399			1444
-10.064			1470
-10.1641			1503
-10.2641			1560
-10.3641			1609
-10.4642			1655
-10.5642			1689
-10.6643			1723
-10.7643			1739
-10.8643			1759
-10.9644			1790
-11.0644			1831
-11.1645			1860
-11.2645			1910
-11.3645			1935
-11.4646			1981
-11.5646			2033
-11.6647			2079
-11.7647			2088
-11.8647			2124
-11.9648			2208
-12.0648			2251
-12.1649			2259
-12.2649			2365
-12.3649			2376
-12.465			2419
-12.565			2433
-12.6651			2476
-12.7651			2501
-12.8651			2534
-12.9652			2559
-13.0652			2614
-13.1653			2664
-13.2653			2716
-13.3653			2724
-13.4654			2763
-13.5654			2801
-13.6655			2843
-13.7655			2882
-13.8655			2934
-13.9656			2993
-14.0656			3010
-14.1657			3048
-14.2657			3069
-14.3657			3100
-14.4658			3146
-14.5658			3172
-14.6659			3220
-14.7659			3253
-14.8659			3284
-14.966			3341
-15.066			3389
-15.1661			3394
-15.2661			3452
-15.3661			3439
-15.4662			3491
-15.5662			3549
-15.6663			3566
-15.7663			3644
-15.8663			3690
-15.9664			3703
-16.0664			3766
-16.1665			3785
-16.2665			3817
-16.3665			3860
-16.4666			3925
-16.5666			3964
-16.6667			4001
-16.7667			4053
-16.8667			4047
-16.9668			4107
-17.0668			4159
-17.1669			4224
-17.2669			4265
-17.3669			4271
-17.467			4348
-17.567			4370
-17.6671			4367
-17.7671			4411
-17.8671			4457
-17.9672			4493
-18.0672			4531
-18.1673			4570
-18.2673			4585
-18.3673			4614
-18.4674			4651
-18.5674			4710
-18.6675			4761
-18.7675			4796
-18.8675			4830
-18.9676			4856
-19.0676			4902
-19.1677			4935
-19.2677			4947
-19.3677			5020
-19.4678			5042
-19.5678			5159
-19.6679			5162
-19.7679			5190
-19.8679			5259
-19.968			5303
-20.068			5340
-20.1681			5350
-20.2681			5383
-20.3681			5391
-20.4682			5440
-20.5682			5520
-20.6683			5543
-20.7683			5589
-20.8683			5635
-20.9684			5626
-21.0684			5676
-21.1685			5709
-21.2685			5731
-21.3685			5746
-21.4686			5755
-21.5686			5804
-21.6687			5843
-21.7687			5903
-21.8687			5930
-21.9688			5988
-22.0688			5975
-22.1689			6031
-22.2689			6094
-22.3689			6148
-22.469			6189
-22.569			6254
-22.6691			6291
-22.7691			6318
-22.8691			6349
-22.9692			6407
-23.0692			6445
-23.1693			6462
-23.2693			6493
-23.3693			6480
-23.4694			6531
-23.5694			6544
-23.6695			6635
-23.7695			6670
-23.8695			6730
-23.9696			6744
-24.0696			6762
-24.1697			6826
-24.2697			6841
-24.3697			6909
-24.4698			6948
-24.5698			7023
-24.6699			7010
-24.7699			7057
-24.8699			7136
-24.97			7123
-25.07			7179
-25.1701			7193
-25.2701			7218
-25.3701			7271
-25.4702			7327
-25.5702			7369
-25.6703			7408
-25.7703			7441
-25.8703			7462
-25.9704			7511
-26.0704			7519
-26.1705			7595
-26.2705			7613
-26.3705			7624
-26.4706			7712
-26.5706			7721
-26.6707			7771
-26.7707			7856
-26.8707			7949
-26.9708			7983
-27.0708			8006
-27.1709			8019
-27.2709			8058
-27.3709			8093
-27.471			8125
-27.571			8183
-27.6711			8228
-27.7711			8231
-27.8711			8259
-27.9712			8293
-28.0712			8367
-28.1713			8414
-28.2713			8453
-28.3713			8502
-28.4714			8538
-28.5714			8544
-28.6715			8551
-28.7715			8543
-28.8715			8598
-28.9716			8647
-29.0716			8654
-29.1717			8664
-29.2717			8752
-29.3717			8805
-29.4718			8839
-29.5718			8910
-29.6719			8936
-29.7719			8941
-29.8719			9020
-29.972			9058
-30.072			9071
-30.1721			9137
-30.2721			9145
-30.3721			9177
-30.4722			9203
-30.5722			9223
-30.6723			9259
-30.7723			9315
-30.8723			9375
-30.9724			9367
-31.0724			9447
-31.1725			9476
-31.2725			9559
-31.3725			9527
-31.4726			9625
-31.5726			9681
-31.6727			9748
-31.7727			9758
-31.8727			9817
-31.9728			9848
-32.0728			9846
-32.1729			9851
-32.2729			9911
-32.3729			9956
-32.473			9985
-32.573			10027
-32.6731			10092
-32.7731			10125
-32.8731			10157
-32.9732			10185
-33.0732			10189
-33.1733			10236
-33.2733			10315
-33.3733			10368
-33.4734			10370
-33.5734			10430
-33.6735			10464
-33.7735			10458
-33.8736			10491
-33.9736			10508
-34.0736			10601
-34.1737			10645
-34.2737			10668
-34.3737			10683
-34.4738			10748
-34.5738			10799
-34.6739			10834
-34.7739			10857
-34.874			10848
-34.974			10923
-35.074			10970
-35.1741			11025
-35.2741			11122
-35.3741			11127
-35.4742			11123
-35.5742			11155
-35.6743			11145
-35.7743			11212
-35.8744			11280
-35.9744			11319
-36.0744			11324
-36.1745			11338
-36.2745			11382
-36.3745			11486
-36.4746			11543
-36.5746			11563
-36.6747			11582
-36.7747			11645
-36.8747			11650
-36.9748			11658
-37.0748			11704
-37.1749			11724
-37.2749			11793
-37.375			11803
-37.475			11815
-37.575			11846
-37.6751			11875
-37.7751			11944
-37.8751			12000
-37.9752			12073
-38.0752			12111
-38.1753			12113
-38.2753			12163
-38.3754			12184
-38.4754			12210
-38.5754			12247
-38.6755			12315
-38.7755			12335
-38.8755			12368
-38.9756			12382
-39.0756			12452
-39.1757			12560
-39.2757			12596
-39.3758			12622
-39.4758			12694
-39.5758			12690
-39.6759			12710
-39.7759			12707
-39.8759			12741
-39.976			12827
-40.076			12848
-40.1761			12890
-40.2761			12909
-40.3762			12945
-40.4762			12966
-40.5762			13000
-40.6763			13030
-40.7763			13046
-40.8764			13140
-40.9764			13174
-41.0764			13221
-41.1765			13233
-41.2765			13322
-41.3765			13396
-41.4766			13436
-41.5766			13421
-41.6767			13461
-41.7767			13475
-41.8768			13560
-41.9768			13588
-42.0768			13602
-42.1769			13653
-42.2769			13691
-42.3769			13715
-42.477			13746
-42.577			13825
-42.6771			13885
-42.7771			13907
-42.8772			13937
-42.9772			13964
-43.0772			14036
-43.1773			14021
-43.2773			14074
-43.3773			14103
-43.4774			14162
-43.5774			14197
-43.6775			14232
-43.7775			14241
-43.8776			14316
-43.9776			14349
-44.0776			14350
-44.1777			14354
-44.2777			14404
-44.3778			14451
-44.4778			14461
-44.5778			14511
-44.6779			14502
-44.7779			14617
-44.878			14675
-44.978			14735
-45.078			14749
-45.1781			14843
-45.2781			14814
-45.3782			14844
-45.4782			14870
-45.5782			14961
-45.6783			14961
-45.7783			14992
-45.8784			15060
-45.9784			15062
-46.0784			15147
-46.1785			15184
-46.2785			15211
-46.3786			15198
-46.4786			15222
-46.5786			15300
-46.6787			15321
-46.7787			15390
-46.8787			15466
-46.9788			15510
-47.0788			15497
-47.1789			15544
-47.2789			15532
-47.379			15601
-47.479			15616
-47.579			15674
-47.6791			15728
-47.7791			15755
-47.8792			15789
-47.9792			15814
-48.0792			15796
-48.1793			15820
-48.2793			15871
-48.3794			15947
-48.4794			16047
-48.5794			16068
-48.6795			16097
-48.7795			16103
-48.8796			16095
-48.9796			16116
-49.0796			16178
-49.1797			16260
-49.2797			16289
-49.3798			16326
-49.4798			16358
-49.5798			16389
-49.6799			16387
-49.7799			16422
-49.88			16453
-49.98			16511
-50.08			16580
-50.1801			16631
-50.2801			16592
-50.3802			16615
-50.4802			16658
-50.5802			16712
-50.6803			16761
-50.7803			16820
-50.8804			16873
-50.9804			16893
-51.0804			16888
-51.1805			16978
-51.2805			17008
-51.3806			17018
-51.4806			17068
-51.5806			17107
-51.6807			17181
-51.7807			17192
-51.8808			17249
-51.9808			17303
-52.0808			17316
-52.1809			17362
-52.2809			17332
-52.381			17412
-52.481			17455
-52.581			17480
-52.6811			17519
-52.7811			17551
-52.8812			17623
-52.9812			17657
-53.0812			17700
-53.1813			17763
-53.2813			17745
-53.3814			17807
-53.4814			17838
-53.5814			17864
-53.6815			17939
-53.7815			17976
-53.8816			18008
-53.9816			18014
-54.0816			18040
-54.1817			18077
-54.2817			18082
-54.3818			18153
-54.4818			18214
-54.5818			18240
-54.6819			18264
-54.7819			18265
-54.882			18321
-54.982			18363
-55.082			18468
-55.1821			18461
-55.2821			18464
-55.3822			18513
-55.4822			18551
-55.5822			18626
-55.6823			18701
-55.7823			18720
-55.8824			18720
-55.9824			18706
-56.0824			18762
-56.1825			18789
-56.2825			18790
-56.3826			18875
-56.4826			18890
-56.5826			18954
-56.6827			19005
-56.7827			19026
-56.8828			19097
-56.9828			19137
-57.0828			19181
-57.1829			19187
-57.2829			19223
-57.383			19221
-57.483			19303
-57.583			19370
-57.6831			19404
-57.7831			19417
-57.8832			19444
-57.9832			19462
-58.0832			19550
-58.1833			19577
-58.2833			19644
-58.3834			19702
-58.4834			19737
-58.5834			19814
-58.6835			19853
-58.7835			19927
-58.8836			19909
-58.9836			19940
-59.0836			19959
-59.1837			19990
-59.2837			20066
-59.3838			20050
-59.4838			20114
-59.5838			20167
-59.6839			20213
-59.7839			20224
-59.884			20260
-59.984			20268
-60.084			20276
-60.1841			20309
-60.2841			20360
-60.3842			20390
-60.4842			20410
-60.5842			20504
-60.6843			20591
-60.7843			20600
-60.8844			20605
-60.9844			20603
-61.0844			20644
-61.1845			20710
-61.2845			20775
-61.3846			20818
-61.4846			20822
-61.5846			20855
-61.6847			20914
-61.7847			20973
-61.8848			20970
-61.9848			21004
-62.0848			21098
-62.1849			21166
-62.2849			21209
-62.385			21254
-62.485			21297
-62.585			21297
-62.6851			21352
-62.7851			21423
-62.8852			21426
-62.9852			21443
-63.0852			21501
-63.1853			21546
-63.2853			21550
-63.3854			21538
-63.4854			21534
-63.5854			21630
-63.6855			21679
-63.7855			21695
-63.8856			21778
-63.9856			21823
-64.0856			21841
-64.1857			21884
-64.2857			21901
-64.3858			21937
-64.4858			22003
-64.5858			22068
-64.6859			22066
-64.7859			22091
-64.886			22123
-64.986			22168
-65.086			22182
-65.1861			22234
-65.2861			22266
-65.3862			22324
-65.4862			22336
-65.5862			22389
-65.6863			22417
-65.7863			22470
-65.8864			22519
-65.9864			22557
-66.0864			22594
-66.1865			22662
-66.2865			22667
-66.3866			22690
-66.4866			22682
-66.5866			22786
-66.6867			22845
-66.7867			22959
-66.8868			22944
-66.9868			23010
-67.0868			23081
-67.1869			23136
-67.2869			23169
-67.387			23148
-67.487			23207
-67.587			23282
-67.6871			23244
-67.7871			23281
-67.8872			23299
-67.9872			23351
-68.0872			23389
-68.1873			23373
-68.2873			23420
-68.3874			23496
-68.4874			23556
-68.5874			23625
-68.6875			23706
-68.7875			23731
-68.8876			23717
-68.9876			23734
-69.0876			23774
-69.1877			23844
-69.2877			23875
-69.3878			23907
-69.4878			23906
-69.5878			23975
-69.6879			24044
-69.7879			24078
-69.888			24077
-69.988			24117
-70.088			24129
-70.1881			24129
-70.2881			24196
-70.3882			24264
-70.4882			24285
-70.5882			24313
-70.6883			24374
-70.7883			24415
-70.8884			24512
-70.9884			24565
-71.0884			24529
-71.1885			24557
-71.2885			24623
-71.3886			24666
-71.4886			24706
-71.5886			24765
-71.6887			24801
-71.7887			24828
-71.8888			24881
-71.9888			24874
-72.0888			24912
-72.1889			24957
-72.2889			24988
-72.389			25008
-72.489			25011
-72.589			25071
-72.6891			25152
-72.7891			25232
-72.8892			25288
-72.9892			25327
-73.0892			25337
-73.1893			25363
-73.2893			25369
-73.3894			25429
-73.4894			25460
-73.5894			25502
-73.6895			25568
-73.7895			25575
-73.8896			25639
-73.9896			25685
-74.0896			25734
-74.1897			25708
-74.2897			25758
-74.3898			25823
-74.4898			25876
-74.5898			25898
-74.6899			25974
-74.7899			25998
-74.89			26027
-74.99			26086
-75.09			26094
-75.1901			26098
-75.2901			26130
-75.3902			26169
-75.4902			26208
-75.5902			26266
-75.6903			26344
-75.7903			26377
-75.8904			26418
-75.9904			26479
-76.0904			26504
-76.1905			26512
-76.2905			26608
-76.3906			26694
-76.4906			26765
-76.5906			26786
-76.6907			26807
-76.7907			26826
-76.8908			26818
-76.9908			26877
-77.0908			26886
-77.1909			26977
-77.2909			26974
-77.391			26996
-77.491			26952
-77.591			27015
-77.6911			27050
-77.7911			27079
-77.8912			27136
-77.9912			27164
-78.0912			27250
-78.1913			27211
-78.2913			27284
-78.3914			27363
-78.4914			27377
-78.5914			27413
-78.6915			27438
-78.7915			27504
-78.8916			27561
-78.9916			27599
-79.0916			27612
-79.1917			27687
-79.2917			27740
-79.3918			27761
-79.4918			27816
-79.5918			27844
-79.6919			27906
-79.7919			27952
-79.892			27954
-79.992			27946
-80.092			27955
-80.1921			28016
-80.2921			28085
-80.3922			28129
-80.4922			28172
-80.5922			28163
-80.6923			28245
-80.7923			28324
-80.8924			28361
-80.9924			28377
-81.0924			28432
-81.1925			28484
-81.2925			28491
-81.3926			28529
-81.4926			28575
-81.5926			28588
-81.6927			28610
-81.7927			28637
-81.8928			28710
-81.9928			28737
-82.0928			28812
-82.1929			28853
-82.2929			28928
-82.393			29021
-82.493			28984
-82.593			28999
-82.6931			29010
-82.7931			29056
-82.8932			29106
-82.9932			29139
-83.0932			29158
-83.1933			29212
-83.2933			29273
-83.3934			29244
-83.4934			29280
-83.5934			29330
-83.6935			29381
-83.7935			29425
-83.8936			29454
-83.9936			29489
-84.0936			29588
-84.1937			29634
-84.2937			29676
-84.3938			29639
-84.4938			29655
-84.5938			29738
-84.6939			29770
-84.7939			29801
-84.894			29789
-84.994			29850
-85.094			29878
-85.1941			29890
-85.2941			29956
-85.3942			30022
-85.4942			30055
-85.5942			30030
-85.6943			30056
-85.7943			30118
-85.8944			30203
-85.9944			30211
-86.0944			30246
-86.1945			30300
-86.2945			30331
-86.3946			30367
-86.4946			30433
-86.5946			30468
-86.6947			30506
-86.7947			30560
-86.8948			30611
-86.9948			30603
-87.0948			30677
-87.1949			30783
-87.2949			30790
-87.395			30792
-87.495			30838
-87.595			30847
-87.6951			30879
-87.7951			30935
-87.8952			30958
-87.9952			31008
-88.0952			31042
-88.1953			31051
-88.2953			31082
-88.3954			31155
-88.4954			31191
-88.5954			31247
-88.6955			31281
-88.7955			31320
-88.8956			31357
-88.9956			31358
-89.0956			31390
-89.1957			31457
-89.2957			31494
-89.3958			31540
-89.4958			31598
-89.5958			31660
-89.6959			31666
-89.7959			31696
-89.896			31694
-89.996			31724
-90.096			31765
-90.1961			31806
-90.2961			31838
-90.3962			31885
-90.4962			31935
-90.5962			32003
-90.6963			32031
-90.7963			32072
-90.8964			32102
-90.9964			32143
-91.0964			32236
-91.1965			32282
-91.2965			32235
-91.3966			32253
-91.4966			32359
-91.5966			32339
-91.6967			32383
-91.7967			32434
-91.8968			32471
-91.9968			32535
-92.0968			32539
-92.1969			32584
-92.2969			32641
-92.397			32665
-92.497			32762
-92.597			32821
-92.6971			32792
-92.7971			32843
-92.8972			32888
-92.9972			32946
-93.0972			32972
-93.1973			33035
-93.2973			33078
-93.3974			33076
-93.4974			33096
-93.5974			33107
-93.6975			33194
-93.7975			33243
-93.8976			33257
-93.9976			33277
-94.0976			33340
-94.1977			33381
-94.2977			33385
-94.3978			33437
-94.4978			33470
-94.5978			33486
-94.6979			33464
-94.7979			33543
-94.898			33589
-94.998			33610
-95.098			33630
-95.1981			33689
-95.2981			33712
-95.3982			33726
-95.4982			33748
-95.5982			33780
-95.6983			33818
-95.7983			33848
-95.8984			33848
-95.9984			33882
-96.0984			33921
-96.1985			33994
-96.2985			34023
-96.3986			34052
-96.4986			34145
-96.5986			34165
-96.6987			34232
-96.7987			34269
-96.8988			34321
-96.9988			34395
-97.0988			34477
-97.1989			34476
-97.2989			34473
-97.399			34491
-97.499			34583
-97.599			34584
-97.6991			34596
-97.7991			34653
-97.8992			34671
-97.9992			34702
-98.0992			34778
-98.1993			34866
-98.2993			34860
-98.3994			34949
-98.4994			34983
-98.5994			35022
-98.6995			35077
-98.7995			35140
-98.8996			35141
-98.9996			35123
-99.0996			35192
-99.1997			35226
-99.2997			35247
-99.3998			35258
-99.4998			35319
-99.5998			35340
-99.6999			35435
-99.7999			35475
-99.9			35481
-100			35522
-100			35641
-99.9			35610
-99.7999			35562
-99.6999			35579
-99.5998			35530
-99.4998			35508
-99.3998			35489
-99.2997			35456
-99.1997			35368
-99.0996			35335
-98.9996			35265
-98.8996			35282
-98.7995			35279
-98.6995			35246
-98.5994			35241
-98.4994			35231
-98.3994			35185
-98.2993			35164
-98.1993			35140
-98.0992			35054
-97.9992			35001
-97.8992			34993
-97.7991			34991
-97.6991			34983
-97.599			34941
-97.499			34877
-97.399			34880
-97.2989			34840
-97.1989			34809
-97.0988			34784
-96.9988			34797
-96.8988			34734
-96.7987			34727
-96.6987			34679
-96.5986			34648
-96.4986			34604
-96.3986			34608
-96.2985			34567
-96.1985			34524
-96.0984			34452
-95.9984			34470
-95.8984			34413
-95.7983			34392
-95.6983			34323
-95.5982			34281
-95.4982			34265
-95.3982			34249
-95.2981			34224
-95.1981			34197
-95.098			34146
-94.998			34136
-94.898			34106
-94.7979			34071
-94.6979			34078
-94.5978			34018
-94.4978			33962
-94.3978			33929
-94.2977			33937
-94.1977			33845
-94.0976			33829
-93.9976			33836
-93.8976			33823
-93.7975			33785
-93.6975			33753
-93.5974			33746
-93.4974			33683
-93.3974			33678
-93.2973			33685
-93.1973			33634
-93.0972			33607
-92.9972			33586
-92.8972			33571
-92.7971			33467
-92.6971			33441
-92.597			33412
-92.497			33404
-92.397			33371
-92.2969			33318
-92.1969			33278
-92.0968			33263
-91.9968			33241
-91.8968			33197
-91.7967			33168
-91.6967			33145
-91.5966			33105
-91.4966			33031
-91.3966			33026
-91.2965			33019
-91.1965			32990
-91.0964			32970
-90.9964			32940
-90.8964			32918
-90.7963			32876
-90.6963			32855
-90.5962			32763
-90.4962			32748
-90.3962			32717
-90.2961			32686
-90.1961			32664
-90.096			32666
-89.996			32632
-89.896			32582
-89.7959			32559
-89.6959			32489
-89.5958			32473
-89.4958			32412
-89.3958			32357
-89.2957			32352
-89.1957			32317
-89.0956			32262
-88.9956			32294
-88.8956			32230
-88.7955			32193
-88.6955			32189
-88.5954			32182
-88.4954			32161
-88.3954			32116
-88.2953			32043
-88.1953			32029
-88.0952			31985
-87.9952			31932
-87.8952			31866
-87.7951			31849
-87.6951			31762
-87.595			31727
-87.495			31672
-87.395			31645
-87.2949			31603
-87.1949			31588
-87.0948			31605
-86.9948			31549
-86.8948			31516
-86.7947			31470
-86.6947			31492
-86.5946			31436
-86.4946			31374
-86.3946			31248
-86.2945			31220
-86.1945			31229
-86.0944			31243
-85.9944			31192
-85.8944			31190
-85.7943			31147
-85.6943			31122
-85.5942			31013
-85.4942			30996
-85.3942			31018
-85.2941			30931
-85.1941			30900
-85.094			30884
-84.994			30859
-84.894			30833
-84.7939			30789
-84.6939			30770
-84.5938			30776
-84.4938			30747
-84.3938			30669
-84.2937			30645
-84.1937			30612
-84.0936			30533
-83.9936			30498
-83.8936			30496
-83.7935			30452
-83.6935			30389
-83.5934			30386
-83.4934			30350
-83.3934			30323
-83.2933			30247
-83.1933			30211
-83.0932			30188
-82.9932			30088
-82.8932			30061
-82.7931			30013
-82.6931			29974
-82.593			29912
-82.493			29885
-82.393			29823
-82.2929			29824
-82.1929			29788
-82.0928			29757
-81.9928			29742
-81.8928			29706
-81.7927			29621
-81.6927			29620
-81.5926			29617
-81.4926			29597
-81.3926			29507
-81.2925			29457
-81.1925			29436
-81.0924			29439
-80.9924			29390
-80.8924			29401
-80.7923			29398
-80.6923			29311
-80.5922			29228
-80.4922			29193
-80.3922			29181
-80.2921			29096
-80.1921			29057
-80.092			29010
-79.992			29001
-79.892			28970
-79.7919			28947
-79.6919			28865
-79.5918			28837
-79.4918			28779
-79.3918			28738
-79.2917			28694
-79.1917			28665
-79.0916			28606
-78.9916			28599
-78.8916			28572
-78.7915			28570
-78.6915			28513
-78.5914			28470
-78.4914			28432
-78.3914			28441
-78.2913			28389
-78.1913			28369
-78.0912			28317
-77.9912			28273
-77.8912			28240
-77.7911			28227
-77.6911			28125
-77.591			28068
-77.491			28080
-77.391			28002
-77.2909			27953
-77.1909			27955
-77.0908			27948
-76.9908			27912
-76.8908			27876
-76.7907			27804
-76.6907			27708
-76.5906			27702
-76.4906			27681
-76.3906			27656
-76.2905			27629
-76.1905			27582
-76.0904			27496
-75.9904			27427
-75.8904			27398
-75.7903			27388
-75.6903			27380
-75.5902			27330
-75.4902			27340
-75.3902			27355
-75.2901			27306
-75.1901			27241
-75.09			27192
-74.99			27139
-74.89			27068
-74.7899			27024
-74.6899			26996
-74.5898			26945
-74.4898			26917
-74.3898			26918
-74.2897			26838
-74.1897			26813
-74.0896			26724
-73.9896			26698
-73.8896			26686
-73.7895			26634
-73.6895			26553
-73.5894			26530
-73.4894			26505
-73.3894			26505
-73.2893			26505
-73.1893			26439
-73.0892			26352
-72.9892			26352
-72.8892			26322
-72.7891			26239
-72.6891			26210
-72.589			26156
-72.489			26099
-72.389			26024
-72.2889			26002
-72.1889			25958
-72.0888			25981
-71.9888			25915
-71.8888			25827
-71.7887			25805
-71.6887			25792
-71.5886			25750
-71.4886			25712
-71.3886			25655
-71.2885			25638
-71.1885			25597
-71.0884			25572
-70.9884			25511
-70.8884			25457
-70.7883			25448
-70.6883			25424
-70.5882			25411
-70.4882			25337
-70.3882			25310
-70.2881			25233
-70.1881			25161
-70.088			25140
-69.988			25119
-69.888			25082
-69.7879			25045
-69.6879			25042
-69.5878			24966
-69.4878			24949
-69.3878			24887
-69.2877			24862
-69.1877			24832
-69.0876			24804
-68.9876			24747
-68.8876			24695
-68.7875			24619
-68.6875			24605
-68.5874			24600
-68.4874			24584
-68.3874			24519
-68.2873			24396
-68.1873			24294
-68.0872			24300
-67.9872			24292
-67.8872			24276
-67.7871			24245
-67.6871			24159
-67.587			24114
-67.487			24067
-67.387			24034
-67.2869			23986
-67.1869			23987
-67.0868			23943
-66.9868			23937
-66.8868			23888
-66.7867			23841
-66.6867			23805
-66.5866			23808
-66.4866			23817
-66.3866			23721
-66.2865			23666
-66.1865			23583
-66.0864			23543
-65.9864			23494
-65.8864			23473
-65.7863			23421
-65.6863			23389
-65.5862			23379
-65.4862			23338
-65.3862			23297
-65.2861			23229
-65.1861			23199
-65.086			23119
-64.986			23141
-64.886			23113
-64.7859			23091
-64.6859			23060
-64.5858			22959
-64.4858			22895
-64.3858			22859
-64.2857			22838
-64.1857			22787
-64.0856			22683
-63.9856			22685
-63.8856			22675
-63.7855			22585
-63.6855			22587
-63.5854			22541
-63.4854			22523
-63.3854			22509
-63.2853			22483
-63.1853			22431
-63.0852			22359
-62.9852			22316
-62.8852			22248
-62.7851			22231
-62.6851			22220
-62.585			22199
-62.485			22172
-62.385			22147
-62.2849			22076
-62.1849			22055
-62.0848			22029
-61.9848			21943
-61.8848			21914
-61.7847			21891
-61.6847			21860
-61.5846			21739
-61.4846			21738
-61.3846			21700
-61.2845			21635
-61.1845			21587
-61.0844			21520
-60.9844			21558
-60.8844			21502
-60.7843			21513
-60.6843			21412
-60.5842			21389
-60.4842			21329
-60.3842			21262
-60.2841			21226
-60.1841			21227
-60.084			21202
-59.984			21142
-59.884			21076
-59.7839			21033
-59.6839			21002
-59.5838			20896
-59.4838			20874
-59.3838			20815
-59.2837			20791
-59.1837			20761
-59.0836			20721
-58.9836			20669
-58.8836			20673
-58.7835			20588
-58.6835			20541
-58.5834			20508
-58.4834			20473
-58.3834			20423
-58.2833			20389
-58.1833			20311
-58.0832			20267
-57.9832			20227
-57.8832			20149
-57.7831			20182
-57.6831			20171
-57.583			20127
-57.483			20063
-57.383			20020
-57.2829			20012
-57.1829			19958
-57.0828			19905
-56.9828			19844
-56.8828			19849
-56.7827			19822
-56.6827			19755
-56.5826			19687
-56.4826			19642
-56.3826			19597
-56.2825			19557
-56.1825			19494
-56.0824			19484
-55.9824			19490
-55.8824			19438
-55.7823			19304
-55.6823			19254
-55.5822			19199
-55.4822			19171
-55.3822			19144
-55.2821			19126
-55.1821			19060
-55.082			19085
-54.982			19021
-54.882			18962
-54.7819			18920
-54.6819			18895
-54.5818			18868
-54.4818			18825
-54.3818			18810
-54.2817			18790
-54.1817			18728
-54.0816			18706
-53.9816			18648
-53.8816			18580
-53.7815			18509
-53.6815			18477
-53.5814			18440
-53.4814			18424
-53.3814			18394
-53.2813			18390
-53.1813			18381
-53.0812			18322
-52.9812			18217
-52.8812			18161
-52.7811			18166
-52.6811			18128
-52.581			18091
-52.481			18049
-52.381			17944
-52.2809			17862
-52.1809			17789
-52.0808			17792
-51.9808			17841
-51.8808			17791
-51.7807			17736
-51.6807			17722
-51.5806			17722
-51.4806			17721
-51.3806			17685
-51.2805			17631
-51.1805			17568
-51.0804			17491
-50.9804			17457
-50.8804			17398
-50.7803			17353
-50.6803			17353
-50.5802			17297
-50.4802			17257
-50.3802			17182
-50.2801			17180
-50.1801			17091
-50.08			17071
-49.98			17094
-49.88			17029
-49.7799			17028
-49.6799			16932
-49.5798			16863
-49.4798			16899
-49.3798			16839
-49.2797			16800
-49.1797			16729
-49.0796			16650
-48.9796			16644
-48.8796			16642
-48.7795			16525
-48.6795			16484
-48.5794			16444
-48.4794			16420
-48.3794			16361
-48.2793			16329
-48.1793			16266
-48.0792			16207
-47.9792			16194
-47.8792			16195
-47.7791			16136
-47.6791			16133
-47.579			16096
-47.479			15999
-47.379			15904
-47.2789			15917
-47.1789			15852
-47.0788			15806
-46.9788			15756
-46.8787			15681
-46.7787			15669
-46.6787			15662
-46.5786			15627
-46.4786			15586
-46.3786			15589
-46.2785			15574
-46.1785			15560
-46.0784			15527
-45.9784			15482
-45.8784			15431
-45.7783			15405
-45.6783			15346
-45.5782			15285
-45.4782			15256
-45.3782			15196
-45.2781			15140
-45.1781			15114
-45.078			15084
-44.978			15057
-44.878			15068
-44.7779			14989
-44.6779			14965
-44.5778			14902
-44.4778			14858
-44.3778			14811
-44.2777			14770
-44.1777			14660
-44.0776			14618
-43.9776			14589
-43.8776			14543
-43.7775			14564
-43.6775			14520
-43.5774			14475
-43.4774			14366
-43.3773			14328
-43.2773			14334
-43.1773			14284
-43.0772			14243
-42.9772			14194
-42.8772			14222
-42.7771			14215
-42.6771			14185
-42.577			14105
-42.477			14070
-42.3769			14062
-42.2769			14019
-42.1769			13969
-42.0768			13929
-41.9768			13912
-41.8768			13881
-41.7767			13847
-41.6767			13786
-41.5766			13713
-41.4766			13685
-41.3765			13607
-41.2765			13565
-41.1765			13482
-41.0764			13462
-40.9764			13437
-40.8764			13362
-40.7763			13338
-40.6763			13284
-40.5762			13248
-40.4762			13243
-40.3762			13242
-40.2761			13240
-40.1761			13207
-40.076			13154
-39.976			13138
-39.8759			13096
-39.7759			13032
-39.6759			12907
-39.5758			12828
-39.4758			12776
-39.3758			12714
-39.2757			12631
-39.1757			12619
-39.0756			12663
-38.9756			12647
-38.8755			12644
-38.7755			12588
-38.6755			12576
-38.5754			12481
-38.4754			12433
-38.3754			12413
-38.2753			12381
-38.1753			12361
-38.0752			12305
-37.9752			12287
-37.8751			12254
-37.7751			12184
-37.6751			12178
-37.575			12157
-37.475			12107
-37.375			12066
-37.2749			12032
-37.1749			12024
-37.0748			11934
-36.9748			11947
-36.8747			11898
-36.7747			11804
-36.6747			11719
-36.5746			11664
-36.4746			11669
-36.3745			11656
-36.2745			11585
-36.1745			11527
-36.0744			11493
-35.9744			11489
-35.8744			11479
-35.7743			11420
-35.6743			11405
-35.5742			11343
-35.4742			11334
-35.3741			11275
-35.2741			11232
-35.1741			11220
-35.074			11187
-34.974			11196
-34.874			11117
-34.7739			11045
-34.6739			10977
-34.5738			10923
-34.4738			10845
-34.3737			10800
-34.2737			10756
-34.1737			10778
-34.0736			10767
-33.9736			10766
-33.8736			10692
-33.7735			10632
-33.6735			10585
-33.5734			10546
-33.4734			10528
-33.3733			10491
-33.2733			10409
-33.1733			10395
-33.0732			10360
-32.9732			10274
-32.8731			10240
-32.7731			10193
-32.6731			10161
-32.573			10151
-32.473			10088
-32.3729			10077
-32.2729			10029
-32.1729			9957
-32.0728			9894
-31.9728			9925
-31.8727			9875
-31.7727			9888
-31.6727			9803
-31.5726			9774
-31.4726			9753
-31.3725			9714
-31.2725			9619
-31.1725			9562
-31.0724			9520
-30.9724			9480
-30.8723			9520
-30.7723			9466
-30.6723			9422
-30.5722			9359
-30.4722			9272
-30.3721			9229
-30.2721			9169
-30.1721			9217
-30.072			9146
-29.972			9125
-29.8719			9154
-29.7719			9107
-29.6719			9063
-29.5718			8978
-29.4718			8936
-29.3717			8890
-29.2717			8813
-29.1717			8828
-29.0716			8758
-28.9716			8696
-28.8715			8662
-28.7715			8655
-28.6715			8589
-28.5714			8507
-28.4714			8515
-28.3713			8430
-28.2713			8385
-28.1713			8338
-28.0712			8282
-27.9712			8272
-27.8711			8241
-27.7711			8237
-27.6711			8215
-27.571			8176
-27.471			8144
-27.3709			8053
-27.2709			8004
-27.1709			7989
-27.0708			7952
-26.9708			7893
-26.8707			7905
-26.7707			7894
-26.6707			7816
-26.5706			7742
-26.4706			7699
-26.3705			7565
-26.2705			7557
-26.1705			7539
-26.0704			7460
-25.9704			7478
-25.8703			7453
-25.7703			7390
-25.6703			7322
-25.5702			7291
-25.4702			7278
-25.3701			7252
-25.2701			7218
-25.1701			7137
-25.07			7161
-24.97			7209
-24.8699			7155
-24.7699			7099
-24.6699			7039
-24.5698			6997
-24.4698			6955
-24.3697			6882
-24.2697			6829
-24.1697			6860
-24.0696			6800
-23.9696			6763
-23.8695			6682
-23.7695			6662
-23.6695			6618
-23.5694			6563
-23.4694			6545
-23.3693			6512
-23.2693			6467
-23.1693			6415
-23.0692			6358
-22.9692			6304
-22.8691			6298
-22.7691			6241
-22.6691			6187
-22.569			6138
-22.469			6178
-22.3689			6087
-22.2689			6021
-22.1689			6032
-22.0688			6020
-21.9688			6041
-21.8687			5954
-21.7687			5844
-21.6687			5771
-21.5686			5763
-21.4686			5657
-21.3685			5609
-21.2685			5565
-21.1685			5570
-21.0684			5545
-20.9684			5527
-20.8683			5454
-20.7683			5407
-20.6683			5368
-20.5682			5354
-20.4682			5329
-20.3681			5307
-20.2681			5302
-20.1681			5281
-20.068			5269
-19.968			5204
-19.8679			5172
-19.7679			5061
-19.6679			4968
-19.5678			4881
-19.4678			4854
-19.3677			4887
-19.2677			4815
-19.1677			4795
-19.0676			4745
-18.9676			4740
-18.8675			4667
-18.7675			4646
-18.6675			4609
-18.5674			4542
-18.4674			4502
-18.3673			4448
-18.2673			4440
-18.1673			4398
-18.0672			4390
-17.9672			4379
-17.8671			4338
-17.7671			4270
-17.6671			4178
-17.567			4156
-17.467			4075
-17.3669			4022
-17.2669			4056
-17.1669			4069
-17.0668			4030
-16.9668			3924
-16.8667			3824
-16.7667			3784
-16.6667			3803
-16.5666			3761
-16.4666			3769
-16.3665			3746
-16.2665			3708
-16.1665			3647
-16.0664			3605
-15.9664			3558
-15.8663			3478
-15.7663			3401
-15.6663			3342
-15.5662			3290
-15.4662			3267
-15.3661			3224
-15.2661			3190
-15.1661			3162
-15.066			3112
-14.966			3036
-14.8659			3018
-14.7659			2965
-14.6659			2954
-14.5658			2954
-14.4658			2923
-14.3657			2867
-14.2657			2902
-14.1657			2809
-14.0656			2740
-13.9656			2640
-13.8655			2582
-13.7655			2566
-13.6655			2517
-13.5654			2486
-13.4654			2475
-13.3653			2462
-13.2653			2443
-13.1653			2395
-13.0652			2361
-12.9652			2272
-12.8651			2269
-12.7651			2222
-12.6651			2176
-12.565			2181
-12.465			2122
-12.3649			2059
-12.2649			1997
-12.1649			1966
-12.0648			1907
-11.9648			1897
-11.8647			1841
-11.7647			1842
-11.6647			1856
-11.5646			1845
-11.4646			1805
-11.3645			1781
-11.2645			1681
-11.1645			1629
-11.0644			1622
-10.9644			1597
-10.8643			1554
-10.7643			1500
-10.6643			1485
-10.5642			1445
-10.4642			1433
-10.3641			1393
-10.2641			1373
-10.1641			1291
-10.064			1232
-9.96399			1204
-9.86395			1126
-9.76391			1065
-9.66387			1027
-9.56383			1012
-9.46379			1021
-9.36375			1022
-9.26371			960
-9.16367			847
-9.06363			831
-8.96359			823
-8.86355			729
-8.7635			733
-8.66347			693
-8.56343			697
-8.46339			575
-8.36335			508
-8.26331			546
-8.16327			541
-8.06323			506
-7.96319			448
-7.86315			367
-7.76311			264
-7.66307			222
-7.56302			151
-7.46299			125
-7.36295			49
-7.26291			28
-7.16287			-13
-7.06283			-31
-6.96279			-33
-6.86275			-106
-6.7627			-141
-6.66266			-131
-6.56262			-196
-6.46258			-238
-6.36255			-295
-6.26251			-337
-6.16247			-385
-6.06243			-423
-5.96239			-513
-5.86234			-549
-5.7623			-553
-5.66226			-592
-5.56222			-639
-5.46218			-695
-5.36214			-686
-5.2621			-739
-5.16207			-770
-5.06202			-803
-4.96198			-827
-4.86194			-882
-4.7619			-924
-4.66186			-959
-4.56182			-1001
-4.46178			-1049
-4.36174			-1099
-4.2617			-1163
-4.16166			-1180
-4.06162			-1255
-3.96158			-1243
-3.86154			-1314
-3.7615			-1333
-3.66146			-1358
-3.56142			-1346
-3.46138			-1390
-3.36134			-1451
-3.2613			-1458
-3.16126			-1535
-3.06122			-1527
-2.96118			-1599
-2.86114			-1634
-2.7611			-1664
-2.66106			-1717
-2.56102			-1765
-2.46098			-1797
-2.36094			-1833
-2.2609			-1878
-2.16086			-1866
-2.06082			-1977
-1.96078			-2047
-1.86074			-2095
-1.7607			-2131
-1.66066			-2115
-1.56062			-2138
-1.46058			-2199
-1.36054			-2234
-1.2605			-2268
-1.16046			-2274
-1.06042			-2348
-0.960384			-2416
-0.860344			-2459
-0.760304			-2490
-0.660264			-2544
-0.560224			-2572
-0.460184			-2657
-0.360144			-2633
-0.260104			-2651
-0.160064			-2724
-0.060024			-2770
0.040016			-2811
0.140056			-2858
0.240096			-2943
0.340136			-2942
0.440176			-2969
0.540216			-3011
0.640256			-3073
0.740296			-3122
0.840336			-3178
0.940376			-3184
1.04042			-3195
1.14046			-3250
1.2405			-3293
1.34054			-3295
1.44058			-3369
1.54062			-3423
1.64066			-3473
1.7407			-3475
1.84074			-3542
1.94078			-3572
2.04082			-3616
2.14086			-3655
2.2409			-3690
2.34094			-3701
2.44098			-3762
2.54102			-3807
2.64106			-3835
2.7411			-3872
2.84114			-3896
2.94118			-3968
3.04122			-3997
3.14126			-4025
3.2413			-4044
3.34134			-4076
3.44138			-4120
3.54142			-4169
3.64146			-4217
3.7415			-4244
3.84154			-4333
3.94158			-4332
4.04162			-4390
4.14166			-4411
4.2417			-4479
4.34174			-4474
4.44178			-4496
4.54182			-4568
4.64186			-4568
4.7419			-4630
4.84194			-4695
4.94198			-4732
5.04202			-4751
5.14206			-4782
5.2421			-4816
5.34214			-4857
5.44218			-4901
5.54222			-4975
5.64226			-4999
5.7423			-5010
5.84234			-5037
5.94238			-5080
6.04242			-5125
6.14246			-5172
6.2425			-5195
6.34254			-5219
6.44258			-5269
6.54262			-5285
6.64266			-5351
6.7427			-5377
6.84274			-5392
6.94278			-5405
7.04282			-5424
7.14286			-5488
7.2429			-5507
7.34294			-5568
7.44298			-5558
7.54302			-5577
7.64306			-5613
7.7431			-5657
7.84314			-5637
7.94318			-5661
8.04322			-5718
8.14326			-5734
8.2433			-5740
8.34334			-5753
8.44338			-5811
8.54342			-5772
8.64346			-5768
8.7435			-5778
8.84354			-5776
8.94358			-5755
9.04362			-5753
9.14366			-5775
9.2437			-5791
9.34374			-5771
9.44378			-5779
9.54382			-5753
9.64386			-5727
9.7439			-5723
9.84394			-5704
9.94398			-5694
10.044			-5689
10.1441			-5695
10.2441			-5708
10.3441			-5694
10.4442			-5732
10.5442			-5708
10.6443			-5720
10.7443			-5730
10.8443			-5708
10.9444			-5708
11.0444			-5686
11.1445			-5686
11.2445			-5662
11.3445			-5647
11.4446			-5652
11.5446			-5654
11.6447			-5672
11.7447			-5699
11.8447			-5688
11.9448			-5698
12.0448			-5697
12.1449			-5708
12.2449			-5706
12.3449			-5718
12.445			-5702
12.545			-5695
12.6451			-5721
12.7451			-5714
12.8451			-5731
12.9452			-5748
13.0452			-5719
13.1453			-5720
13.2453			-5721
13.3453			-5740
13.4454			-5760
13.5454			-5753
13.6455			-5726
13.7455			-5725
13.8455			-5751
13.9456			-5743
14.0456			-5781
14.1457			-5801
14.2457			-5776
14.3457			-5763
14.4458			-5792
14.5458			-5787
14.6459			-5793
14.7459			-5796
14.8459			-5837
14.946			-5815
15.046			-5810
15.1461			-5827
15.2461			-5809
15.3461			-5829
15.4462			-5848
15.5462			-5852
15.6463			-5872
15.7463			-5875
15.8463			-5868
15.9464			-5857
16.0464			-5851
16.1465			-5875
16.2465			-5893
16.3465			-5898
16.4466			-5900
16.5466			-5892
16.6467			-5936
16.7467			-5948
16.8467			-5919
16.9468			-5912
17.0468			-5930
17.1469			-5933
17.2469			-5928
17.3469			-5907
17.447			-5924
17.547			-5918
17.6471			-5913
17.7471			-5924
17.8471			-5927
17.9472			-5944
18.0472			-5961
18.1473			-5967
18.2473			-5970
18.3473			-5967
18.4474			-5955
18.5474			-5951
18.6475			-5974
18.7475			-5958
18.8475			-5960
18.9476			-5967
19.0476			-5965
19.1477			-5982
19.2477			-6008
19.3477			-5969
19.4478			-5980
19.5478			-5972
19.6479			-5969
19.7479			-5974
19.8479			-5990
19.948			-5996
20.048			-5971
20.1481			-5971
20.2481			-5986
20.3481			-5976
20.4482			-5994
20.5482			-5977
20.6483			-5985
20.7483			-5978
20.8483			-5983
20.9484			-5976
21.0484			-5981
21.1485			-6004
21.2485			-6012
21.3485			-6012
21.4486			-6019
21.5486			-6033
21.6487			-6009
21.7487			-6018
21.8487			-6013
21.9488			-6030
22.0488			-6041
22.1489			-6012
22.2489			-6029
22.3489			-6072
22.449			-6057
22.549			-6049
22.6491			-6030
22.7491			-6030
22.8491			-6029
22.9492			-6036
23.0492			-6036
23.1493			-6054
23.2493			-6067
23.3493			-6058
23.4494			-6059
23.5494			-6040
23.6495			-6048
23.7495			-6057
23.8495			-6061
23.9496			-6050
24.0496			-6071
24.1497			-6057
24.2497			-6059
24.3497			-6075
24.4498			-6084
24.5498			-6098
24.6499			-6074
24.7499			-6058
24.8499			-6083
24.95			-6106
25.05			-6085
25.1501			-6088
25.2501			-6086
25.3501			-6097
25.4502			-6119
25.5502			-6113
25.6503			-6137
25.7503			-6126
25.8503			-6126
25.9504			-6142
26.0504			-6129
26.1505			-6120
26.2505			-6109
26.3505			-6108
26.4506			-6125
26.5506			-6126
26.6507			-6131
26.7507			-6133
26.8507			-6137
26.9508			-6119
27.0508			-6123
27.1509			-6132
27.2509			-6113
27.3509			-6106
27.451			-6111
27.551			-6111
27.6511			-6095
27.7511			-6075
27.8511			-6077
27.9512			-6098
28.0512			-6133
28.1513			-6117
28.2513			-6097
28.3513			-6096
28.4514			-6089
28.5514			-6122
28.6515			-6109
28.7515			-6130
28.8515			-6100
28.9516			-6101
29.0516			-6107
29.1517			-6126
29.2517			-6120
29.3517			-6105
29.4518			-6102
29.5518			-6117
29.6519			-6115
29.7519			-6116
29.8519			-6110
29.952			-6095
30.052			-6139
30.1521			-6129
30.2521			-6144
30.3521			-6121
30.4522			-6116
30.5522			-6122
30.6523			-6127
30.7523			-6143
30.8523			-6150
30.9524			-6128
31.0524			-6139
31.1525			-6148
31.2525			-6145
31.3525			-6159
31.4526			-6175
31.5526			-6155
31.6527			-6165
31.7527			-6137
31.8527			-6145
31.9528			-6144
32.0528			-6158
32.1529			-6159
32.2529			-6144
32.3529			-6154
32.453			-6153
32.553			-6158
32.6531			-6156
32.7531			-6146
32.8531			-6143
32.9532			-6163
33.0532			-6168
33.1533			-6164
33.2533			-6154
33.3533			-6136
33.4534			-6141
33.5534			-6156
33.6535			-6142
33.7535			-6150
33.8535			-6151
33.9536			-6156
34.0536			-6157
34.1537			-6139
34.2537			-6133
34.3537			-6147
34.4538			-6135
34.5538			-6124
34.6539			-6142
34.7539			-6147
34.8539			-6154
34.954			-6151
35.054			-6150
35.1541			-6145
35.2541			-6149
35.3541			-6135
35.4542			-6130
35.5542			-6148
35.6543			-6163
35.7543			-6173
35.8543			-6174
35.9544			-6175
36.0544			-6162
36.1545			-6174
36.2545			-6163
36.3545			-6165
36.4546			-6184
36.5546			-6175
36.6547			-6188
36.7547			-6201
36.8547			-6159
36.9548			-6126
37.0548			-6127
37.1549			-6108
37.2549			-6135
37.3549			-6132
37.455			-6150
37.555			-6143
37.6551			-6152
37.7551			-6172
37.8551			-6173
37.9552			-6183
38.0552			-6178
38.1553			-6178
38.2553			-6165
38.3553			-6165
38.4554			-6172
38.5554			-6153
38.6555			-6157
38.7555			-6153
38.8555			-6154
38.9556			-6155
39.0556			-6163
39.1557			-6163
39.2557			-6192
39.3557			-6202
39.4558			-6191
39.5558			-6189
39.6559			-6192
39.7559			-6212
39.8559			-6198
39.956			-6226
40.056			-6228
40.1561			-6245
40.2561			-6223
40.3561			-6219
40.4562			-6215
40.5562			-6222
40.6563			-6234
40.7563			-6256
40.8563			-6250
40.9564			-6245
41.0564			-6272
41.1565			-6260
41.2565			-6269
41.3565			-6259
41.4566			-6262
41.5566			-6259
41.6567			-6274
41.7567			-6257
41.8567			-6265
41.9568			-6281
42.0568			-6286
42.1569			-6283
42.2569			-6266
42.3569			-6290
42.457			-6301
42.557			-6307
42.6571			-6281
42.7571			-6304
42.8571			-6298
42.9572			-6297
43.0572			-6303
43.1573			-6327
43.2573			-6343
43.3573			-6343
43.4574			-6348
43.5574			-6357
43.6575			-6368
43.7575			-6375
43.8575			-6384
43.9576			-6373
44.0576			-6387
44.1577			-6396
44.2577			-6392
44.3577			-6402
44.4578			-6409
44.5578			-6394
44.6579			-6400
44.7579			-6426
44.8579			-6445
44.958			-6451
45.058			-6465
45.1581			-6462
45.2581			-6474
45.3581			-6486
45.4582			-6503
45.5582			-6500
45.6583			-6505
45.7583			-6525
45.8583			-6519
45.9584			-6539
46.0584			-6535
46.1585			-6537
46.2585			-6552
46.3585			-6534
46.4586			-6554
46.5586			-6556
46.6587			-6575
46.7587			-6580
46.8587			-6585
46.9588			-6572
47.0588			-6594
47.1589			-6598
47.2589			-6609
47.3589			-6608
47.459			-6631
47.559			-6619
47.6591			-6640
47.7591			-6631
47.8591			-6650
47.9592			-6656
48.0592			-6660
48.1593			-6683
48.2593			-6671
48.3593			-6678
48.4594			-6687
48.5594			-6692
48.6595			-6694
48.7595			-6704
48.8595			-6709
48.9596			-6716
49.0596			-6721
49.1597			-6727
49.2597			-6728
49.3597			-6733
49.4598			-6740
49.5598			-6731
49.6599			-6734
49.7599			-6754
49.8599			-6756
49.96			-6759
50.06			-6783
50.1601			-6777
50.2601			-6792
50.3601			-6794
50.4602			-6803
50.5602			-6820
50.6603			-6807
50.7603			-6812
50.8603			-6820
50.9604			-6817
51.0604			-6829
51.1605			-6825
51.2605			-6835
51.3605			-6840
51.4606			-6849
51.5606			-6852
51.6607			-6846
51.7607			-6870
51.8607			-6864
51.9608			-6860
52.0608			-6875
52.1609			-6886
52.2609			-6896
52.3609			-6894
52.461			-6882
52.561			-6897
52.6611			-6914
52.7611			-6906
52.8611			-6927
52.9612			-6907
53.0612			-6926
53.1613			-6924
53.2613			-6932
53.3613			-6949
53.4614			-6959
53.5614			-6951
53.6615			-6949
53.7615			-6952
53.8615			-6960
53.9616			-6964
54.0616			-6959
54.1617			-6976
54.2617			-6986
54.3617			-6977
54.4618			-6960
54.5618			-6969
54.6619			-6969
54.7619			-6969
54.8619			-6964
54.962			-6993
55.062			-6989
55.1621			-6974
55.2621			-6989
55.3621			-6999
55.4622			-7018
55.5622			-7012
55.6623			-7018
55.7623			-7023
55.8623			-7010
55.9624			-7004
56.0624			-6996
56.1625			-7000
56.2625			-7003
56.3625			-7022
56.4626			-7019
56.5626			-7032
56.6627			-7022
56.7627			-7007
56.8627			-7021
56.9628			-7019
57.0628			-7027
57.1629			-7024
57.2629			-7016
57.3629			-7020
57.463			-7019
57.563			-7018
57.6631			-7020
57.7631			-7019
57.8631			-7021
57.9632			-7027
58.0632			-7025
58.1633			-7020
58.2633			-7015
58.3633			-7024
58.4634			-7042
58.5634			-7031
58.6635			-7041
58.7635			-7043
58.8635			-7044
58.9636			-7033
59.0636			-7044
59.1637			-7034
59.2637			-7033
59.3637			-7045
59.4638			-7038
59.5638			-7043
59.6639			-7023
59.7639			-7028
59.8639			-7046
59.964			-7029
60.064			-7022
60.1641			-7027
60.2641			-7026
60.3641			-7025
60.4642			-7044
60.5642			-7041
60.6643			-7035
60.7643			-7027
60.8643			-7027
60.9644			-7017
61.0644			-7026
61.1645			-7016
61.2645			-7016
61.3645			-7003
61.4646			-7017
61.5646			-7010
61.6647			-7018
61.7647			-7002
61.8647			-6998
61.9648			-7016
62.0648			-7006
62.1649			-6996
62.2649			-7006
62.3649			-6998
62.465			-6993
62.565			-6995
62.6651			-6994
62.7651			-6991
62.8651			-6997
62.9652			-6996
63.0652			-7000
63.1653			-6992
63.2653			-6991
63.3653			-6968
63.4654			-6961
63.5654			-6968
63.6655			-6954
63.7655			-6949
63.8655			-6950
63.9656			-6946
64.0656			-6936
64.1657			-6936
64.2657			-6945
64.3657			-6932
64.4658			-6918
64.5658			-6934
64.6659			-6923
64.7659			-6934
64.8659			-6914
64.966			-6891
65.066			-6894
65.1661			-6894
65.2661			-6888
65.3661			-6878
65.4662			-6890
65.5662			-6868
65.6663			-6865
65.7663			-6861
65.8663			-6860
65.9664			-6868
66.0664			-6860
66.1665			-6850
66.2665			-6843
66.3665			-6843
66.4666			-6840
66.5666			-6832
66.6667			-6830
66.7667			-6822
66.8667			-6829
66.9668			-6821
67.0668			-6813
67.1669			-6808
67.2669			-6797
67.3669			-6784
67.467			-6775
67.567			-6768
67.6671			-6760
67.7671			-6756
67.8671			-6742
67.9672			-6739
68.0672			-6736
68.1673			-6730
68.2673			-6720
68.3673			-6724
68.4674			-6703
68.5674			-6702
68.6675			-6704
68.7675			-6696
68.8675			-6672
68.9676			-6674
69.0676			-6687
69.1677			-6679
69.2677			-6666
69.3677			-6654
69.4678			-6652
69.5678			-6636
69.6679			-6646
69.7679			-6634
69.868			-6617
69.968			-6601
70.068			-6595
70.1681			-6592
70.2681			-6580
70.3681			-6565
70.4682			-6561
70.5682			-6553
70.6683			-6549
70.7683			-6541
70.8683			-6543
70.9684			-6547
71.0684			-6546
71.1685			-6517
71.2685			-6524
71.3685			-6498
71.4686			-6482
71.5686			-6485
71.6687			-6474
71.7687			-6469
71.8687			-6460
71.9688			-6460
72.0688			-6443
72.1689			-6418
72.2689			-6404
72.3689			-6398
72.469			-6394
72.569			-6391
72.6691			-6394
72.7691			-6376
72.8691			-6370
72.9692			-6353
73.0692			-6344
73.1693			-6323
73.2693			-6316
73.3693			-6321
73.4694			-6301
73.5694			-6300
73.6695			-6302
73.7695			-6278
73.8695			-6260
73.9696			-6228
74.0696			-6231
74.1697			-6226
74.2697			-6205
74.3698			-6184
74.4698			-6188
74.5698			-6163
74.6699			-6127
74.7699			-5989
74.8699			-5889
74.97			-5894
75.07			-5889
75.1701			-5885
75.2701			-5875
75.3701			-5885
75.4702			-5887
75.5702			-5878
75.6703			-5871
75.7703			-5874
75.8703			-5867
75.9704			-5865
76.0704			-5884
76.1705			-5887
76.2705			-5872
76.3705			-5876
76.4706			-5882
76.5706			-5876
76.6707			-5878
76.7707			-5878
76.8708			-5894
76.9708			-5892
77.0708			-5889
77.1709			-5888
77.2709			-5898
77.3709			-5899
77.471			-5889
77.571			-5880
77.6711			-5886
77.7711			-5877
77.8711			-5880
77.9712			-5886
78.0712			-5886
78.1713			-5875
78.2713			-5869
78.3713			-5878
78.4714			-5868
78.5714			-5863
78.6715			-5875
78.7715			-5876
78.8716			-5882
78.9716			-5888
79.0716			-5886
79.1717			-5875
79.2717			-5873
79.3717			-5889
79.4718			-5892
79.5718			-5898
79.6719			-5886
79.7719			-5885
79.8719			-5890
79.972			-5891
80.072			-5883
80.1721			-5876
80.2721			-5874
80.3721			-5890
80.4722			-5890
80.5722			-5878
80.6723			-5884
80.7723			-5869
80.8724			-5871
80.9724			-5866
81.0724			-5884
81.1725			-5874
81.2725			-5889
81.3726			-5899
81.4726			-5893
81.5726			-5892
81.6727			-5885
81.7727			-5880
81.8727			-5888
81.9728			-5873
82.0728			-5878
82.1729			-5890
82.2729			-5886
82.3729			-5892
82.473			-5887
82.573			-5884
82.6731			-5889
82.7731			-5888
82.8731			-5892
82.9732			-5888
83.0732			-5887
83.1733			-5891
83.2733			-5884
83.3734			-5891
83.4734			-5882
83.5734			-5882
83.6735			-5885
83.7735			-5885
83.8736			-5885
83.9736			-5893
84.0736			-5882
84.1737			-5891
84.2737			-5878
84.3737			-5878
84.4738			-5876
84.5738			-5884
84.6739			-5880
84.7739			-5874
84.8739			-5868
84.974			-5866
85.074			-5871
85.1741			-5876
85.2741			-5866
85.3742			-5878
85.4742			-5869
85.5742			-5865
85.6743			-5879
85.7743			-5875
85.8744			-5877
85.9744			-5882
86.0744			-5893
86.1745			-5884
86.2745			-5883
86.3745			-5874
86.4746			-5881
86.5746			-5876
86.6747			-5886
86.7747			-5882
86.8747			-5875
86.9748			-5878
87.0748			-5870
87.1749			-5884
87.2749			-5881
87.3749			-5868
87.475			-5878
87.575			-5890
87.6751			-5886
87.7751			-5887
87.8752			-5887
87.9752			-5880
88.0752			-5878
88.1753			-5877
88.2753			-5875
88.3754			-5877
88.4754			-5876
88.5754			-5881
88.6755			-5888
88.7755			-5874
88.8755			-5870
88.9756			-5892
89.0756			-5881
89.1757			-5877
89.2757			-5865
89.3757			-5868
89.4758			-5858
89.5758			-5862
89.6759			-5864
89.7759			-5878
89.876			-5879
89.976			-5880
90.076			-5895
90.1761			-5877
90.2761			-5880
90.3762			-5872
90.4762			-5881
90.5762			-5880
90.6763			-5862
90.7763			-5875
90.8764			-5887
90.9764			-5885
91.0764			-5869
91.1765			-5879
91.2765			-5867
91.3765			-5868
91.4766			-5871
91.5766			-5881
91.6767			-5873
91.7767			-5862
91.8767			-5866
91.9768			-5870
92.0768			-5860
92.1769			-5862
92.2769			-5863
92.377			-5872
92.477			-5879
92.577			-5882
92.6771			-5891
92.7771			-5885
92.8772			-5879
92.9772			-5874
93.0772			-5874
93.1773			-5871
93.2773			-5868
93.3773			-5862
93.4774			-5865
93.5774			-5874
93.6775			-5866
93.7775			-5887
93.8775			-5875
93.9776			-5874
94.0776			-5869
94.1777			-5871
94.2777			-5877
94.3778			-5874
94.4778			-5872
94.5778			-5870
94.6779			-5877
94.7779			-5894
94.878			-5874
94.978			-5873
95.078			-5877
95.1781			-5881
95.2781			-5881
95.3782			-5881
95.4782			-5873
95.5782			-5873
95.6783			-5868
95.7783			-5874
95.8783			-5880
95.9784			-5882
96.0784			-5885
96.1785			-5869
96.2785			-5876
96.3785			-5877
96.4786			-5875
96.5786			-5870
96.6787			-5870
96.7787			-5861
96.8788			-5863
96.9788			-5875
97.0788			-5873
97.1789			-5865
97.2789			-5868
97.379			-5867
97.479			-5869
97.579			-5865
97.6791			-5860
97.7791			-5858
97.8792			-5868
97.9792			-5868
98.0792			-5866
98.1793			-5873
98.2793			-5878
98.3793			-5874
98.4794			-5877
98.5794			-5882
98.6795			-5868
98.7795			-5866
98.8796			-5871
98.9796			-5878
99.0796			-5880
99.1797			-5868
99.2797			-5860
99.3798			-5865
99.4798			-5878
99.5798			-5872
99.6799			-5874
99.7799			-5866
99.88			-5868
99.98			-5868
100.08			-5871
100.18			-5871
100.28			-5872
100.38			-5862
100.48			-5858
100.58			-5858
100.68			-5848
100.78			-5850
100.88			-5859
100.98			-5867
101.08			-5875
101.18			-5867
101.281			-5862
101.381			-5851
101.481			-5863
101.581			-5854
101.681			-5850
101.781			-5852
101.881			-5868
101.981			-5856
102.081			-5852
102.181			-5860
102.281			-5865
102.381			-5875
102.481			-5869
102.581			-5865
102.681			-5876
102.781			-5876
102.881			-5885
102.981			-5888
103.081			-5881
103.181			-5880
103.281			-5881
103.381			-5886
103.481			-5890
103.581			-5879
103.681			-5879
103.782			-5880
103.882			-5876
103.982			-5876
104.082			-5866
104.182			-5860
104.282			-5874
104.382			-5875
104.482			-5873
104.582			-5874
104.682			-5870
104.782			-5870
104.882			-5868
104.982			-5882
105.082			-5881
105.182			-5874
105.282			-5876
105.382			-5877
105.482			-5874
105.582			-5864
105.682			-5862
105.782			-5870
105.882			-5871
105.982			-5869
106.082			-5860
106.182			-5872
106.283			-5869
106.383			-5871
106.483			-5873
106.583			-5873
106.683			-5878
106.783			-5867
106.883			-5875
106.983			-5870
107.083			-5857
107.183			-5862
107.283			-5869
107.383			-5869
107.483			-5863
107.583			-5878
107.683			-5887
107.783			-5877
107.883			-5863
107.983			-5866
108.083			-5873
108.183			-5872
108.283			-5873
108.383			-5876
108.483			-5869
108.583			-5861
108.683			-5864
108.784			-5864
108.884			-5857
108.984			-5859
109.084			-5862
109.184			-5872
109.284			-5868
109.384			-5871
109.484			-5880
109.584			-5866
109.684			-5876
109.784			-5869
109.884			-5872
109.984			-5867
110.084			-5871
110.184			-5865
110.284			-5868
110.384			-5861
110.484			-5854
110.584			-5862
110.684			-5868
110.784			-5873
110.884			-5879
110.984			-5877
111.084			-5870
111.184			-5871
111.285			-5882
111.385			-5871
111.485			-5878
111.585			-5871
111.685			-5877
111.785			-5872
111.885			-5861
111.985			-5864
112.085			-5880
112.185			-5875
112.285			-5875
112.385			-5867
112.485			-5857
112.585			-5849
112.685			-5858
112.785			-5863
112.885			-5876
112.985			-5871
113.085			-5862
113.185			-5865
113.285			-5865
113.385			-5862
113.485			-5852
113.585			-5859
113.685			-5874
113.786			-5870
113.886			-5876
113.986			-5862
114.086			-5859
114.186			-5857
114.286			-5873
114.386			-5860
114.486			-5861
114.586			-5866
114.686			-5866
114.786			-5863
114.886			-5869
114.986			-5870
115.086			-5870
115.186			-5871
115.286			-5866
115.386			-5870
115.486			-5873
115.586			-5865
115.686			-5857
115.786			-5857
115.886			-5864
115.986			-5861
116.086			-5854
116.186			-5862
116.287			-5866
116.387			-5868
116.487			-5867
116.587			-5873
116.687			-5870
116.787			-5863
116.887			-5869
116.987			-5863
117.087			-5872
117.187			-5863
117.287			-5862
117.387			-5875
117.487			-5869
117.587			-5859
117.687			-5866
117.787			-5863
117.887			-5858
117.987			-5872
118.087			-5859
118.187			-5855
118.287			-5845
118.387			-5849
118.487			-5850
118.587			-5853
118.687			-5857
118.788			-5847
118.888			-5858
118.988			-5860
119.088			-5852
119.188			-5848
119.288			-5854
119.388			-5861
119.488			-5860
119.588			-5860
119.688			-5863
119.788			-5860
119.888			-5856
119.988			-5851
120.088			-5857
120.188			-5861
120.288			-5862
120.388			-5856
120.488			-5855
120.588			-5857
120.688			-5853
120.788			-5854
120.888			-5850
120.988			-5857
121.088			-5856
121.188			-5857
121.289			-5854
121.389			-5853
121.489			-5856
121.589			-5861
121.689			-5856
121.789			-5855
121.889			-5868
121.989			-5864
122.089			-5859
122.189			-5849
122.289			-5846
122.389			-5852
122.489			-5869
122.589			-5870
122.689			-5872
122.789			-5869
122.889			-5872
122.989			-5864
123.089			-5863
123.189			-5871
123.289			-5872
123.389			-5862
123.489			-5861
123.589			-5866
123.689			-5853
123.79			-5860
123.89			-5866
123.99			-5863
124.09			-5857
124.19			-5862
124.29			-5859
124.39			-5862
124.49			-5864
124.59			-5868
124.69			-5867
124.79			-5863
124.89			-5857
124.99			-5870
125.09			-5868
125.19			-5867
125.29			-5873
125.39			-5865
125.49			-5863
125.59			-5856
125.69			-5867
125.79			-5854
125.89			-5869
125.99			-5869
126.09			-5877
126.19			-5875
126.291			-5871
126.391			-5856
126.491			-5857
126.591			-5863
126.691			-5870
126.791			-5871
126.891			-5872
126.991			-5855
127.091			-5853
127.191			-5850
127.291			-5848
127.391			-5860
127.491			-5860
127.591			-5860
127.691			-5859
127.791			-5865
127.891			-5857
127.991			-5857
128.091			-5858
128.191			-5862
128.291			-5864
128.391			-5861
128.491			-5860
128.591			-5867
128.691			-5872
128.792			-5877
128.892			-5859
128.992			-5869
129.092			-5866
129.192			-5863
129.292			-5871
129.392			-5864
129.492			-5880
129.592			-5865
129.692			-5871
129.792			-5871
129.892			-5871
129.992			-5879
130.092			-5871
130.192			-5867
130.292			-5869
130.392			-5862
130.492			-5862
130.592			-5874
130.692			-5879
130.792			-5872
130.892			-5875
130.992			-5872
131.092			-5878
131.192			-5874
131.293			-5874
131.393			-5874
131.493			-5890
131.593			-5873
131.693			-5873
131.793			-5864
131.893			-5879
131.993			-5873
132.093			-5870
132.193			-5874
132.293			-5874
132.393			-5864
132.493			-5860
132.593			-5867
132.693			-5871
132.793			-5865
132.893			-5859
132.993			-5861
133.093			-5873
133.193			-5867
133.293			-5864
133.393			-5865
133.493			-5863
133.593			-5860
133.693			-5864
133.794			-5861
133.894			-5871
133.994			-5871
134.094			-5862
134.194			-5864
134.294			-5871
134.394			-5848
134.494			-5856
134.594			-5867
134.694			-5879
134.794			-5879
134.894			-5862
134.994			-5868
135.094			-5858
135.194			-5872
135.294			-5865
135.394			-5869
135.494			-5862
135.594			-5871
135.694			-5872
135.794			-5867
135.894			-5872
135.994			-5857
136.094			-5850
136.194			-5857
136.295			-5878
136.395			-5875
136.495			-5879
136.595			-5875
136.695			-5867
136.795			-5868
136.895			-5856
136.995			-5867
137.095			-5876
137.195			-5883
137.295			-5874
137.395			-5889
137.495			-5876
137.595			-5869
137.695			-5879
137.795			-5875
137.895			-5875
137.995			-5873
138.095			-5879
138.195			-5861
138.295			-5867
138.395			-5872
138.495			-5876
138.595			-5870
138.695			-5876
138.796			-5871
138.896			-5891
138.996			-5886
139.096			-5890
139.196			-5891
139.296			-5889
139.396			-5887
139.496			-5879
139.596			-5872
139.696			-5874
139.796			-5869
139.896			-5868
139.996			-5875
140.096			-5874
140.196			-5866
140.296			-5862
140.396			-5852
140.496			-5869
140.596			-5882
140.696			-5875
140.796			-5873
140.896			-5878
140.996			-5882
141.096			-5883
141.196			-5876
141.297			-5865
141.397			-5868
141.497			-5873
141.597			-5885
141.697			-5894
141.797			-5884
141.897			-5879
141.997			-5881
142.097			-5885
142.197			-5878
142.297			-5871
142.397			-5864
142.497			-5877
142.597			-5858
142.697			-5872
142.797			-5875
142.897			-5880
142.997			-5876
143.097			-5864
143.197			-5863
143.297			-5864
143.397			-5854
143.497			-5861
143.597			-5861
143.697			-5867
143.798			-5859
143.898			-5847
143.998			-5864
144.098			-5863
144.198			-5858
144.298			-5857
144.398			-5867
144.498			-5864
144.598			-5861
144.698			-5863
144.798			-5866
144.898			-5870
144.998			-5868
145.098			-5872
145.198			-5859
145.298			-5854
145.398			-5865
145.498			-5851
145.598			-5842
145.698			-5844
145.798			-5854
145.898			-5869
145.998			-5866
146.098			-5859
146.198			-5859
146.299			-5871
146.399			-5869
146.499			-5872
146.599			-5863
146.699			-5861
146.799			-5864
146.899			-5878
146.999			-5867
147.099			-5863
147.199			-5859
147.299			-5874
147.399			-5890
147.499			-5885
147.599			-5877
147.699			-5883
147.799			-5883
147.899			-5870
147.999			-5865
148.099			-5866
148.199			-5876
148.299			-5883
148.399			-5865
148.499			-5865
148.599			-5875
148.699			-5874
148.8			-5888
148.9			-5886
149			-5877
149.1			-5873
149.2			-5871
149.3			-5871
149.4			-5864
149.5			-5869
149.6			-5853
149.7			-5861
149.8			-5864
149.9			-5863
150			-5858
