95			-3137
94.875			-3127
94.75			-3135
94.625			-3132
94.5			-3128
94.375			-3119
94.25			-3113
94.125			-3118
94			-3111
93.875			-3116
93.75			-3118
93.625			-3116
93.5			-3112
93.375			-3123
93.25			-3112
93.125			-3097
93			-3117
92.875			-3109
92.75			-3096
92.625			-3104
92.5			-3120
92.375			-3103
92.25			-3112
92.125			-3098
92			-3103
91.875			-3097
91.75			-3094
91.625			-3094
91.5			-3092
91.375			-3086
91.25			-3088
91.125			-3087
91			-3087
90.875			-3100
90.75			-3093
90.625			-3088
90.5			-3080
90.375			-3072
90.25			-3078
90.125			-3063
90			-3066
89.875			-3072
89.75			-3076
89.625			-3076
89.5			-3066
89.375			-3067
89.25			-3063
89.125			-3065
89			-3063
88.875			-3064
88.75			-3064
88.625			-3061
88.5			-3055
88.375			-3049
88.25			-3048
88.125			-3046
88			-3064
87.875			-3066
87.75			-3059
87.625			-3049
87.5			-3050
87.375			-3070
87.25			-3046
87.125			-3064
87			-3067
86.875			-3050
86.75			-3040
86.625			-3044
86.5			-3050
86.375			-3055
86.25			-3061
86.125			-3054
86			-3054
85.875			-3061
85.75			-3059
85.625			-3039
85.5			-3038
85.375			-3038
85.25			-3030
85.125			-3043
85			-3054
84.875			-3056
84.75			-3059
84.625			-3047
84.5			-3054
84.375			-3054
84.25			-3049
84.125			-3058
84			-3054
83.875			-3057
83.75			-3058
83.625			-3046
83.5			-3054
83.375			-3055
83.25			-3057
83.125			-3049
83			-3041
82.875			-3056
82.75			-3058
82.625			-3053
82.5			-3041
82.375			-3039
82.25			-3042
82.125			-3046
82			-3048
81.875			-3040
81.75			-3053
81.625			-3052
81.5			-3059
81.375			-3043
81.25			-3046
81.125			-3055
81			-3057
80.875			-3067
80.75			-3062
80.625			-3076
80.5			-3068
80.375			-3051
80.25			-3059
80.125			-3057
80			-3056
79.875			-3071
79.75			-3068
79.625			-3074
79.5			-3072
79.375			-3065
79.25			-3058
79.125			-3056
79			-3064
78.875			-3060
78.75			-3057
78.625			-3038
78.5			-3044
78.375			-3048
78.25			-3055
78.125			-3045
78			-3055
77.875			-3050
77.75			-3050
77.625			-3052
77.5			-3050
77.375			-3059
77.25			-3046
77.125			-3057
77			-3044
76.875			-3055
76.75			-3052
76.625			-3053
76.5			-3060
76.375			-3062
76.25			-3056
76.125			-3061
76			-3048
75.875			-3046
75.75			-3048
75.625			-3049
75.5			-3046
75.375			-3051
75.25			-3050
75.125			-3055
75			-3059
74.875			-3050
74.75			-3057
74.625			-3050
74.5			-3055
74.375			-3043
74.25			-3047
74.125			-3047
74			-3053
73.875			-3061
73.75			-3053
73.625			-3038
73.5			-3033
73.375			-3034
73.25			-3039
73.125			-3026
73			-3036
72.875			-3034
72.75			-3039
72.625			-3033
72.5			-3033
72.375			-3029
72.25			-3025
72.125			-3031
72			-3030
71.875			-3038
71.75			-3020
71.625			-3025
71.5			-3017
71.375			-3022
71.25			-3037
71.125			-3044
71			-3030
70.875			-3026
70.75			-3034
70.625			-3039
70.5			-3036
70.375			-3028
70.25			-3028
70.125			-3027
70			-3031
69.875			-3024
69.75			-3031
69.625			-3039
69.5			-3031
69.375			-3021
69.25			-3029
69.125			-3023
69			-3016
68.875			-3022
68.75			-3016
68.625			-3004
68.5			-3002
68.375			-2994
68.25			-3009
68.125			-3010
68			-2993
67.875			-2995
67.75			-3012
67.625			-3012
67.5			-3022
67.375			-3004
67.25			-3009
67.125			-3009
67			-3008
66.875			-3019
66.75			-3019
66.625			-3032
66.5			-3037
66.375			-3037
66.25			-3052
66.125			-3028
66			-3017
65.875			-3019
65.75			-3006
65.625			-3033
65.5			-3031
65.375			-3033
65.25			-3029
65.125			-3037
65			-3031
64.875			-3032
64.75			-3041
64.625			-3045
64.5			-3037
64.375			-3045
64.25			-3055
64.125			-3041
64			-3049
63.875			-3051
63.75			-3042
63.625			-3035
63.5			-3045
63.375			-3055
63.25			-3051
63.125			-3049
63			-3038
62.875			-3027
62.75			-3041
62.625			-3044
62.5			-3040
62.375			-3041
62.25			-3029
62.125			-3041
62			-3043
61.875			-3040
61.75			-3037
61.625			-3044
61.5			-3044
61.375			-3051
61.25			-3031
61.125			-3035
61			-3034
60.875			-3038
60.75			-3033
60.625			-3031
60.5			-3045
60.375			-3043
60.25			-3044
60.125			-3055
60			-3044
59.875			-3063
59.75			-3061
59.625			-3057
59.5			-3045
59.375			-3047
59.25			-3045
59.125			-3041
59			-3060
58.875			-3051
58.75			-3053
58.625			-3046
58.5			-3050
58.375			-3054
58.25			-3074
58.125			-3057
58			-3053
57.875			-3051
57.75			-3048
57.625			-3040
57.5			-3035
57.375			-3039
57.25			-3042
57.125			-3047
57			-3053
56.875			-3055
56.75			-3054
56.625			-3050
56.5			-3049
56.375			-3054
56.25			-3046
56.125			-3052
56			-3055
55.875			-3053
55.75			-3059
55.625			-3070
55.5			-3066
55.375			-3070
55.25			-3068
55.125			-3073
55			-3073
54.875			-3064
54.75			-3078
54.625			-3070
54.5			-3067
54.375			-3063
54.25			-3063
54.125			-3064
54			-3064
53.875			-3063
53.75			-3065
53.625			-3075
53.5			-3084
53.375			-3084
53.25			-3067
53.125			-3063
53			-3067
52.875			-3066
52.75			-3078
52.625			-3068
52.5			-3081
52.375			-3070
52.25			-3059
52.125			-3050
52			-3065
51.875			-3068
51.75			-3079
51.625			-3072
51.5			-3056
51.375			-3054
51.25			-3058
51.125			-3068
51			-3060
50.875			-3078
50.75			-3065
50.625			-3047
50.5			-3050
50.375			-3049
50.25			-3051
50.125			-3053
50			-3051
49.875			-3064
49.75			-3059
49.625			-3057
49.5			-3053
49.375			-3050
49.25			-3034
49.125			-3036
49			-3037
48.875			-3047
48.75			-3062
48.625			-3052
48.5			-3050
48.375			-3038
48.25			-3057
48.125			-3064
48			-3066
47.875			-3061
47.75			-3062
47.625			-3045
47.5			-3050
47.375			-3058
47.25			-3051
47.125			-3051
47			-3048
46.875			-3046
46.75			-3051
46.625			-3041
46.5			-3048
46.375			-3057
46.25			-3048
46.125			-3044
46			-3033
45.875			-3027
45.75			-3044
45.625			-3055
45.5			-3054
45.375			-3040
45.25			-3039
45.125			-3028
45			-3036
44.875			-3044
44.75			-3038
44.625			-3038
44.5			-3041
44.375			-3039
44.25			-3042
44.125			-3048
44			-3052
43.875			-3047
43.75			-3050
43.625			-3060
43.5			-3055
43.375			-3058
43.25			-3042
43.125			-3039
43			-3035
42.875			-3043
42.75			-3046
42.625			-3053
42.5			-3058
42.375			-3053
42.25			-3055
42.125			-3055
42			-3055
41.875			-3067
41.75			-3047
41.625			-3050
41.5			-3054
41.375			-3066
41.25			-3071
41.125			-3071
41			-3059
40.875			-3057
40.75			-3051
40.625			-3046
40.5			-3059
40.375			-3056
40.25			-3060
40.125			-3061
40			-3052
39.875			-3050
39.75			-3060
39.625			-3065
39.5			-3066
39.375			-3065
39.25			-3059
39.125			-3056
39			-3067
38.875			-3065
38.75			-3059
38.625			-3045
38.5			-3058
38.375			-3067
38.25			-3065
38.125			-3065
38			-3058
37.875			-3069
37.75			-3069
37.625			-3059
37.5			-3059
37.375			-3065
37.25			-3064
37.125			-3051
37			-3054
36.875			-3047
36.75			-3052
36.625			-3052
36.5			-3060
36.375			-3058
36.25			-3073
36.125			-3051
36			-3052
35.875			-3041
35.75			-3049
35.625			-3053
35.5			-3048
35.375			-3053
35.25			-3037
35.125			-3046
35			-3046
34.875			-3054
34.75			-3052
34.625			-3058
34.5			-3059
34.375			-3064
34.25			-3053
34.125			-3040
34			-3046
33.875			-3046
33.75			-3041
33.625			-3053
33.5			-3061
33.375			-3073
33.25			-3073
33.125			-3074
33			-3069
32.875			-3059
32.75			-3081
32.625			-3066
32.5			-3072
32.375			-3069
32.25			-3071
32.125			-3076
32			-3084
31.875			-3064
31.75			-3064
31.625			-3067
31.5			-3046
31.375			-3064
31.25			-3064
31.125			-3063
31			-3048
30.875			-3048
30.75			-3049
30.625			-3068
30.5			-3064
30.375			-3070
30.25			-3064
30.125			-3065
30			-3063
29.875			-3085
29.75			-3077
29.625			-3080
29.5			-3070
29.375			-3080
29.25			-3079
29.125			-3089
29			-3095
28.875			-3084
28.75			-3074
28.625			-3067
28.5			-3076
28.375			-3081
28.25			-3074
28.125			-3082
28			-3077
27.875			-3089
27.75			-3082
27.625			-3100
27.5			-3097
27.375			-3082
27.25			-3088
27.125			-3091
27			-3088
26.875			-3075
26.75			-3069
26.625			-3073
26.5			-3090
26.375			-3102
26.25			-3083
26.125			-3092
26			-3093
25.875			-3094
25.75			-3091
25.625			-3085
25.5			-3093
25.375			-3090
25.25			-3084
25.125			-3081
25			-3072
24.875			-3072
24.75			-3079
24.625			-3067
24.5			-3070
24.375			-3074
24.25			-3083
24.125			-3079
24			-3074
23.875			-3079
23.75			-3078
23.625			-3079
23.5			-3071
23.375			-3076
23.25			-3079
23.125			-3078
23			-3099
22.875			-3096
22.75			-3088
22.625			-3092
22.5			-3086
22.375			-3081
22.25			-3090
22.125			-3077
22			-3080
21.875			-3080
21.75			-3072
21.625			-3070
21.5			-3078
21.375			-3082
21.25			-3064
21.125			-3068
21			-3073
20.875			-3071
20.75			-3071
20.625			-3082
20.5			-3072
20.375			-3095
20.25			-3080
20.125			-3088
20			-3086
19.875			-3094
19.75			-3082
19.625			-3082
19.5			-3079
19.375			-3069
19.25			-3083
19.125			-3086
19			-3073
18.875			-3082
18.75			-3094
18.625			-3090
18.5			-3090
18.375			-3088
18.25			-3081
18.125			-3084
18			-3071
17.875			-3086
17.75			-3076
17.625			-3069
17.5			-3084
17.375			-3088
17.25			-3095
17.125			-3091
17			-3087
16.875			-3077
16.75			-3082
16.625			-3089
16.5			-3094
16.375			-3082
16.25			-3083
16.125			-3084
16			-3080
15.875			-3075
15.75			-3076
15.625			-3086
15.5			-3087
15.375			-3076
15.25			-3080
15.125			-3069
15			-3073
14.875			-3071
14.75			-3082
14.625			-3087
14.5			-3079
14.375			-3081
14.25			-3089
14.125			-3084
14			-3102
13.875			-3102
13.75			-3085
13.625			-3090
13.5			-3085
13.375			-3089
13.25			-3104
13.125			-3109
13			-3106
12.875			-3106
12.75			-3101
12.625			-3098
12.5			-3104
12.375			-3093
12.25			-3111
12.125			-3112
12			-3131
11.875			-3176
11.75			-3260
11.625			-3333
11.5			-3420
11.375			-3491
11.25			-3585
11.125			-3713
11			-3812
10.875			-3890
10.75			-3933
10.625			-3994
10.5			-4042
10.375			-4079
10.25			-4130
10.125			-4157
10			-4173
9.875			-4225
9.75			-4243
9.625			-4256
9.5			-4286
9.375			-4299
9.25			-4314
9.125			-4315
9			-4322
8.875			-4333
8.75			-4304
8.625			-4312
8.5			-4328
8.375			-4309
8.25			-4292
8.125			-4279
8			-4255
7.875			-4278
7.75			-4245
7.625			-4230
7.5			-4189
7.375			-4196
7.25			-4167
7.125			-4134
7			-4135
6.875			-4084
6.75			-4030
6.625			-4008
6.5			-3959
6.375			-3927
6.25			-3880
6.125			-3867
6			-3825
5.875			-3799
5.75			-3755
5.625			-3706
5.5			-3698
5.375			-3654
5.25			-3601
5.125			-3561
5			-3516
4.875			-3467
4.75			-3461
4.625			-3412
4.5			-3383
4.375			-3304
4.25			-3271
4.125			-3224
4			-3219
3.875			-3192
3.75			-3153
3.625			-3101
3.5			-3043
3.375			-3014
3.25			-2992
3.125			-2909
3			-2889
2.875			-2838
2.75			-2799
2.625			-2770
2.5			-2698
2.375			-2663
2.25			-2616
2.125			-2582
2			-2539
1.875			-2478
1.75			-2455
1.625			-2373
1.5			-2374
1.375			-2321
1.25			-2304
1.125			-2246
1			-2238
0.875			-2169
0.75			-2103
0.625			-2008
0.5			-1978
0.375			-1933
0.25			-1914
0.125			-1843
0			-1829
-0.125			-1788
-0.25			-1738
-0.375			-1666
-0.5			-1624
-0.625			-1589
-0.75			-1547
-0.875			-1506
-1			-1496
-1.125			-1421
-1.25			-1389
-1.375			-1331
-1.5			-1271
-1.625			-1205
-1.75			-1162
-1.875			-1106
-2			-1063
-2.125			-1044
-2.25			-996
-2.375			-889
-2.5			-836
-2.625			-823
-2.75			-819
-2.875			-737
-3			-713
-3.125			-642
-3.25			-643
-3.375			-569
-3.5			-514
-3.625			-498
-3.75			-487
-3.875			-417
-4			-364
-4.125			-359
-4.25			-275
-4.375			-213
-4.5			-156
-4.625			-147
-4.75			-78
-4.875			-23
-5			55
-5			49
-4.875			-10
-4.75			-47
-4.625			-103
-4.5			-146
-4.375			-182
-4.25			-205
-4.125			-235
-4			-266
-3.875			-305
-3.75			-328
-3.625			-374
-3.5			-404
-3.375			-468
-3.25			-485
-3.125			-523
-3			-580
-2.875			-647
-2.75			-652
-2.625			-731
-2.5			-750
-2.375			-810
-2.25			-818
-2.125			-833
-2			-962
-1.875			-974
-1.75			-1016
-1.625			-1104
-1.5			-1141
-1.375			-1196
-1.25			-1232
-1.125			-1240
-1			-1313
-0.875			-1322
-0.75			-1435
-0.625			-1517
-0.5			-1527
-0.375			-1598
-0.25			-1609
-0.125			-1681
0			-1721
0.125			-1756
0.25			-1775
0.375			-1849
0.5			-1917
0.625			-1958
0.75			-1998
0.875			-2042
1			-2086
1.125			-2143
1.25			-2185
1.375			-2266
1.5			-2317
1.625			-2380
1.75			-2423
1.875			-2444
2			-2496
2.125			-2531
2.25			-2610
2.375			-2627
2.5			-2731
2.625			-2792
2.75			-2833
2.875			-2907
3			-2947
3.125			-2998
3.25			-3038
3.375			-3053
3.5			-3101
3.625			-3145
3.75			-3183
3.875			-3234
4			-3297
4.125			-3356
4.25			-3395
4.375			-3418
4.5			-3477
4.625			-3535
4.75			-3597
4.875			-3645
5			-3709
5.125			-3746
5.25			-3814
5.375			-3878
5.5			-3925
5.625			-3932
5.75			-3971
5.875			-4022
6			-4075
6.125			-4103
6.25			-4178
6.375			-4228
6.5			-4251
6.625			-4341
6.75			-4367
6.875			-4418
7			-4490
7.125			-4511
7.25			-4547
7.375			-4588
7.5			-4621
7.625			-4652
7.75			-4719
7.875			-4760
8			-4749
8.125			-4781
8.25			-4818
8.375			-4865
8.5			-4869
8.625			-4912
8.75			-4901
8.875			-4871
9			-4871
9.125			-4804
9.25			-4709
9.375			-4598
9.5			-4528
9.625			-4454
9.75			-4409
9.875			-4373
10			-4354
10.125			-4313
10.25			-4277
10.375			-4257
10.5			-4237
10.625			-4236
10.75			-4206
10.875			-4205
11			-4200
11.125			-4172
11.25			-4140
11.375			-4115
11.5			-4094
11.625			-4077
11.75			-4053
11.875			-4032
12			-4005
12.125			-3988
12.25			-3977
12.375			-3953
12.5			-3922
12.625			-3915
12.75			-3881
12.875			-3872
13			-3864
13.125			-3826
13.25			-3800
13.375			-3785
13.5			-3765
13.625			-3738
13.75			-3716
13.875			-3683
14			-3663
14.125			-3624
14.25			-3612
14.375			-3588
14.5			-3564
14.625			-3547
14.75			-3552
14.875			-3506
15			-3487
15.125			-3450
15.25			-3428
15.375			-3408
15.5			-3392
15.625			-3375
15.75			-3358
15.875			-3329
16			-3292
16.125			-3265
16.25			-3243
16.375			-3223
16.5			-3205
16.625			-3189
16.75			-3171
16.875			-3162
17			-3140
17.125			-3139
17.25			-3138
17.375			-3125
17.5			-3118
17.625			-3125
17.75			-3114
17.875			-3110
18			-3106
18.125			-3106
18.25			-3109
18.375			-3123
18.5			-3113
18.625			-3124
18.75			-3116
18.875			-3120
19			-3130
19.125			-3117
19.25			-3118
19.375			-3119
19.5			-3122
19.625			-3114
19.75			-3122
19.875			-3115
20			-3125
20.125			-3124
20.25			-3117
20.375			-3119
20.5			-3132
20.625			-3124
20.75			-3120
20.875			-3115
21			-3110
21.125			-3139
21.25			-3126
21.375			-3131
21.5			-3114
21.625			-3125
21.75			-3130
21.875			-3121
22			-3117
22.125			-3120
22.25			-3124
22.375			-3122
22.5			-3124
22.625			-3128
22.75			-3127
22.875			-3144
23			-3134
23.125			-3124
23.25			-3132
23.375			-3132
23.5			-3136
23.625			-3137
23.75			-3142
23.875			-3134
24			-3142
24.125			-3140
24.25			-3140
24.375			-3136
24.5			-3133
24.625			-3133
24.75			-3139
24.875			-3131
25			-3141
25.125			-3144
25.25			-3156
25.375			-3127
25.5			-3133
25.625			-3149
25.75			-3139
25.875			-3137
26			-3132
26.125			-3136
26.25			-3145
26.375			-3122
26.5			-3116
26.625			-3124
26.75			-3115
26.875			-3118
27			-3117
27.125			-3109
27.25			-3112
27.375			-3114
27.5			-3113
27.625			-3110
27.75			-3118
27.875			-3118
28			-3114
28.125			-3116
28.25			-3126
28.375			-3109
28.5			-3116
28.625			-3116
28.75			-3110
28.875			-3117
29			-3124
29.125			-3119
29.25			-3118
29.375			-3116
29.5			-3119
29.625			-3118
29.75			-3111
29.875			-3120
30			-3117
30.125			-3126
30.25			-3117
30.375			-3116
30.5			-3119
30.625			-3119
30.75			-3122
30.875			-3118
31			-3122
31.125			-3126
31.25			-3125
31.375			-3116
31.5			-3121
31.625			-3113
31.75			-3110
31.875			-3119
32			-3131
32.125			-3135
32.25			-3124
32.375			-3125
32.5			-3118
32.625			-3103
32.75			-3123
32.875			-3123
33			-3109
33.125			-3132
33.25			-3116
33.375			-3121
33.5			-3128
33.625			-3130
33.75			-3121
33.875			-3124
34			-3105
34.125			-3098
34.25			-3106
34.375			-3106
34.5			-3093
34.625			-3103
34.75			-3108
34.875			-3100
35			-3102
35.125			-3095
35.25			-3103
35.375			-3103
35.5			-3104
35.625			-3104
35.75			-3108
35.875			-3121
36			-3117
36.125			-3104
36.25			-3099
36.375			-3096
36.5			-3093
36.625			-3090
36.75			-3100
36.875			-3110
37			-3108
37.125			-3109
37.25			-3117
37.375			-3115
37.5			-3118
37.625			-3103
37.75			-3108
37.875			-3114
38			-3118
38.125			-3107
38.25			-3111
38.375			-3107
38.5			-3107
38.625			-3107
38.75			-3098
38.875			-3103
39			-3107
39.125			-3104
39.25			-3106
39.375			-3118
39.5			-3093
39.625			-3094
39.75			-3097
39.875			-3103
40			-3103
40.125			-3108
40.25			-3119
40.375			-3110
40.5			-3105
40.625			-3112
40.75			-3103
40.875			-3100
41			-3083
41.125			-3099
41.25			-3111
41.375			-3091
41.5			-3081
41.625			-3094
41.75			-3095
41.875			-3112
42			-3109
42.125			-3094
42.25			-3107
42.375			-3110
42.5			-3104
42.625			-3083
42.75			-3099
42.875			-3100
43			-3111
43.125			-3110
43.25			-3109
43.375			-3098
43.5			-3097
43.625			-3108
43.75			-3109
43.875			-3118
44			-3094
44.125			-3113
44.25			-3111
44.375			-3102
44.5			-3101
44.625			-3122
44.75			-3102
44.875			-3101
45			-3099
45.125			-3098
45.25			-3094
45.375			-3095
45.5			-3108
45.625			-3101
45.75			-3103
45.875			-3093
46			-3086
46.125			-3087
46.25			-3101
46.375			-3105
46.5			-3119
46.625			-3105
46.75			-3098
46.875			-3094
47			-3100
47.125			-3106
47.25			-3103
47.375			-3108
47.5			-3105
47.625			-3113
47.75			-3106
47.875			-3118
48			-3103
48.125			-3109
48.25			-3104
48.375			-3116
48.5			-3099
48.625			-3087
48.75			-3103
48.875			-3110
49			-3111
49.125			-3112
49.25			-3103
49.375			-3102
49.5			-3112
49.625			-3096
49.75			-3105
49.875			-3089
50			-3092
50.125			-3096
50.25			-3085
50.375			-3095
50.5			-3089
50.625			-3074
50.75			-3075
50.875			-3080
51			-3087
51.125			-3082
51.25			-3090
51.375			-3089
51.5			-3103
51.625			-3115
51.75			-3109
51.875			-3101
52			-3100
52.125			-3106
52.25			-3089
52.375			-3097
52.5			-3086
52.625			-3090
52.75			-3079
52.875			-3077
53			-3085
53.125			-3084
53.25			-3096
53.375			-3096
53.5			-3081
53.625			-3088
53.75			-3085
53.875			-3087
54			-3106
54.125			-3103
54.25			-3109
54.375			-3108
54.5			-3099
54.625			-3100
54.75			-3100
54.875			-3100
55			-3081
55.125			-3100
55.25			-3090
55.375			-3093
55.5			-3084
55.625			-3084
55.75			-3094
55.875			-3098
56			-3092
56.125			-3085
56.25			-3083
56.375			-3094
56.5			-3097
56.625			-3087
56.75			-3100
56.875			-3107
57			-3109
57.125			-3112
57.25			-3101
57.375			-3093
57.5			-3096
57.625			-3100
57.75			-3097
57.875			-3098
58			-3096
58.125			-3088
58.25			-3089
58.375			-3098
58.5			-3084
58.625			-3085
58.75			-3087
58.875			-3093
59			-3093
59.125			-3094
59.25			-3097
59.375			-3096
59.5			-3089
59.625			-3082
59.75			-3081
59.875			-3078
60			-3079
60.125			-3085
60.25			-3090
60.375			-3095
60.5			-3105
60.625			-3107
60.75			-3091
60.875			-3078
61			-3085
61.125			-3085
61.25			-3094
61.375			-3082
61.5			-3098
61.625			-3093
61.75			-3096
61.875			-3103
62			-3088
62.125			-3101
62.25			-3086
62.375			-3082
62.5			-3080
62.625			-3078
62.75			-3076
62.875			-3064
63			-3060
63.125			-3060
63.25			-3060
63.375			-3065
63.5			-3061
63.625			-3062
63.75			-3055
63.875			-3079
64			-3063
64.125			-3067
64.25			-3082
64.375			-3072
64.5			-3094
64.625			-3073
64.75			-3087
64.875			-3077
65			-3079
65.125			-3066
65.25			-3061
65.375			-3082
65.5			-3079
65.625			-3088
65.75			-3084
65.875			-3082
66			-3087
66.125			-3086
66.25			-3086
66.375			-3074
66.5			-3072
66.625			-3082
66.75			-3088
66.875			-3072
67			-3078
67.125			-3097
67.25			-3075
67.375			-3078
67.5			-3078
67.625			-3073
67.75			-3062
67.875			-3069
68			-3081
68.125			-3075
68.25			-3074
68.375			-3086
68.5			-3083
68.625			-3087
68.75			-3088
68.875			-3069
69			-3076
69.125			-3095
69.25			-3107
69.375			-3087
69.5			-3087
69.625			-3099
69.75			-3079
69.875			-3077
70			-3074
70.125			-3090
70.25			-3077
70.375			-3068
70.5			-3084
70.625			-3088
70.75			-3089
70.875			-3088
71			-3085
71.125			-3068
71.25			-3079
71.375			-3071
71.5			-3073
71.625			-3073
71.75			-3076
71.875			-3084
72			-3077
72.125			-3075
72.25			-3081
72.375			-3079
72.5			-3080
72.625			-3092
72.75			-3079
72.875			-3078
73			-3063
73.125			-3069
73.25			-3063
73.375			-3058
73.5			-3060
73.625			-3078
73.75			-3078
73.875			-3097
74			-3085
74.125			-3087
74.25			-3089
74.375			-3075
74.5			-3086
74.625			-3077
74.75			-3070
74.875			-3059
75			-3066
75.125			-3083
75.25			-3081
75.375			-3082
75.5			-3079
75.625			-3070
75.75			-3073
75.875			-3088
76			-3091
76.125			-3078
76.25			-3076
76.375			-3076
76.5			-3077
76.625			-3069
76.75			-3077
76.875			-3075
77			-3088
77.125			-3074
77.25			-3071
77.375			-3068
77.5			-3074
77.625			-3077
77.75			-3078
77.875			-3067
78			-3070
78.125			-3073
78.25			-3067
78.375			-3078
78.5			-3085
78.625			-3086
78.75			-3087
78.875			-3077
79			-3086
79.125			-3099
79.25			-3108
79.375			-3098
79.5			-3088
79.625			-3099
79.75			-3087
79.875			-3085
80			-3095
80.125			-3088
80.25			-3089
80.375			-3095
80.5			-3088
80.625			-3091
80.75			-3093
80.875			-3092
81			-3110
81.125			-3110
81.25			-3094
81.375			-3108
81.5			-3099
81.625			-3090
81.75			-3090
81.875			-3084
82			-3085
82.125			-3101
82.25			-3100
82.375			-3093
82.5			-3111
82.625			-3102
82.75			-3105
82.875			-3098
83			-3096
83.125			-3079
83.25			-3042
83.375			-3043
83.5			-3039
83.625			-3048
83.75			-3043
83.875			-3044
84			-3039
84.125			-3051
84.25			-3058
84.375			-3061
84.5			-3052
84.625			-3066
84.75			-3056
84.875			-3060
85			-3046
85.125			-3048
85.25			-3047
85.375			-3042
85.5			-3036
85.625			-3055
85.75			-3053
85.875			-3059
86			-3048
86.125			-3040
86.25			-3042
86.375			-3047
86.5			-3044
86.625			-3049
86.75			-3048
86.875			-3058
87			-3052
87.125			-3063
87.25			-3057
87.375			-3043
87.5			-3056
87.625			-3047
87.75			-3055
87.875			-3058
88			-3069
88.125			-3055
88.25			-3045
88.375			-3044
88.5			-3059
88.625			-3072
88.75			-3052
88.875			-3056
89			-3058
89.125			-3061
89.25			-3068
89.375			-3059
89.5			-3067
89.625			-3064
89.75			-3067
89.875			-3057
90			-3062
90.125			-3054
90.25			-3058
90.375			-3052
90.5			-3057
90.625			-3063
90.75			-3065
90.875			-3057
91			-3069
91.125			-3066
91.25			-3056
91.375			-3065
91.5			-3049
91.625			-3058
91.75			-3061
91.875			-3062
92			-3081
92.125			-3064
92.25			-3058
92.375			-3048
92.5			-3059
92.625			-3045
92.75			-3054
92.875			-3061
93			-3067
93.125			-3061
93.25			-3060
93.375			-3070
93.5			-3063
93.625			-3069
93.75			-3049
93.875			-3070
94			-3067
94.125			-3066
94.25			-3070
94.375			-3049
94.5			-3042
94.625			-3059
94.75			-3062
94.875			-3059
95			-3046
