72.4824319175159
20.566160151245
0.964171060724981
0.818868203365704
0.588571066266561
0.467433706215211
0.394949801369549
0.379071857024905
0.31233093542482
0.289407128532112
0.273772092382932
0.230820951060722
0.219826384035447
0.193039666232846
0.181454805173429
0.173380304562462
0.154367936231879
0.128840370079639
0.122747984901859
0.116192773611992
0.10835013021537
0.0961316472039189
0.0826862726014106
0.0768660312476568
0.0687697150613397
0.066684735876749
0.0641633117110406
0.0528416024738269
0.0525031961554608
0.0477198007917291
0.0455352073296909
0.0392566837176655
0.0372835117111057
0.0292533780906459
0.0283016188857551
0.0231009891584113
0.0115090781653277
0.00719181881025227
0.00401217483461967
