462184.427348982
131140.177016792
6148.03943215856
5221.51536081956
3753.02502992939
2980.59231892965
2518.39849945028
2417.1527434751
1991.57907252568
1845.40535454914
1745.70850335335
1471.83043206317
1401.72354505489
1230.91796499044
1157.04706644281
1105.55999099181
984.3275718117
821.550975724071
782.702864808232
740.903541910145
690.894904626904
612.983713951803
527.249245657133
490.136460586969
438.51027805949
425.215402529359
409.137534371486
336.944624145073
334.786775321191
304.285441570607
290.355375325155
250.320352169154
237.738415418595
186.534246205129
180.465351005984
147.303521183251
73.3876687141235
45.8586525103999
25.5836439162656
