-164.074233556518,25.059657923201,-75.3181320297968,-52.4724419585437,-110.889492383391,-207.784411980676,12.2813648151276,20.2891638649878,21.7466410061776,39.4689876154411,-269.853832189151,48.0664806835119,96.0447241161326,-159.317149138278,-134.037978327107,73.3776609220266,142.979703964259,-210.454690774426,20.8853482281091,7.41507745336691,-83.865090851557,28.0333851570569,-37.9599303663346,392.181803132664,48.2659645154475
48.8467488722147,162.845345794415,-16.5034170150989,75.8272047388489,-325.237953014941,-21.4821739641388,-7.75977205954506,-48.9595418162034,-55.5142789048382,76.710612329954,1.15992662134683,-11.4316040184961,110.673371427244,-18.599916213986,-338.459337975291,13.2307585015043,33.7804900504814,-115.622958937573,-207.708549152513,-8.2257961131027,55.5645042506576,-141.460399319992,-6.23343784372187,105.933128020166,49.9664346112886
10.2725258532283,33.7376636762592,-58.6943304840908,-29.1142651354145,-47.3405993415215,-172.367666842367,-112.527872660484,-39.2022586703086,-72.9469409877888,54.3543485250832,-49.4728349591821,-125.082290229817,85.534031740226,-26.7934982859908,-66.7142802537188,95.1131468943781,93.8259024672122,-82.8025733347928,22.199184382057,-27.579370336099,65.4793066553301,-16.6342421469874,72.8812048136063,11.4491557920153,-55.8556212400375
-83.731689183871,-87.0769201534795,24.1688963230086,33.5303561187504,-78.7742363031693,-24.8445582040939,-71.6105915307591,123.480863253916,38.99311477662,45.0885755179973,41.2700270289426,66.1412423828984,22.0815932716967,16.0191351576682,-53.0061709250884,-26.1508558107348,-25.226801058587,-2.99583093928414,-6.02382775090074,123.289795798157,-72.2163214976697,30.808640146039,5.53140204515431,-57.3406010502253,-20.3297608971071
-51.0671807650675,36.1646190197171,15.4447027044685,-38.8739761451846,-61.4564629064101,129.34614865016,-13.5878487682818,9.03524961980433,102.082590302711,85.3141418241246,62.0024687477439,61.7180166267272,51.1765745749686,70.6058522953274,-4.96873238794551,42.6129534107971,-6.27949037686132,163.720820787007,89.237995678737,-78.6739428553651,-46.7684237055401,-132.651726532719,-42.1883818549738,-2.08409519524741,8.43275832233857
-22.3374167875671,30.7955283788128,-67.5314239836499,-239.207610431467,-55.6109086431574,-7.8456000145231,-301.53453679449,1.92002155742159,-62.4905623550769,-67.0176227872217,-59.0318430712785,4.90274013308608,114.914440489691,-59.5096459554286,-86.9195031110342,89.3957784004661,-19.4678230060643,9.83400095580122,-53.6839035754157,68.5087984353305,159.912524032547,-50.8642257986645,-67.0379118079838,-45.5994905914697,-1.64960792071313
88.1019293996129,79.460014735741,125.518523886011,-76.1124339645512,-13.2466726794601,-79.2532114902572,-22.4319411661323,34.7752303258481,42.6633125135469,119.369913009523,-21.4093179893024,-101.736431973061,-48.0525226651791,104.576025096846,184.562914777115,-179.589508338717,-90.0294220563947,-24.6640096734678,3.16660681520492,55.9498039969277,88.562657017942,-101.926840509833,-102.897628896685,-19.6497586872506,40.0643052230654
38.4089536672257,38.057525140994,3.20877144338926,91.2010844009138,-27.9873850956759,-127.842336758834,89.5459828051496,-38.9309594412254,118.646597285791,-115.452685339217,-39.8412392204615,-11.7885773247078,102.091188071031,67.5039300728347,-33.4367198650663,-23.2112022250539,98.4355403534518,-2.76190637776261,-145.521290575861,64.702715682479,-7.77095624581363,-54.4129626179942,25.9957545794632,49.6071452540526,-38.3573434080693
49.3455432579544,-138.25246476165,69.1106224711694,124.671075992772,103.098643635657,18.307676748274,6.39727683646091,69.8073863922902,16.3052941051041,51.6907480136264,2.26649561089079,4.61648880258731,-24.2584206832458,-32.4031715641626,112.767271547123,-176.695183039706,24.5369337784398,-81.5509170160788,140.759382267769,0.084321663272277,-55.0932014859498,38.0843593951432,33.368067316643,73.3379648515189,51.475107628681
-43.2588009500445,12.3580231950796,51.5791617448537,24.1647085573263,87.0873270247938,28.7313949426414,178.750435171598,79.4733423767768,22.4948733345616,12.0375885823313,30.6296626638003,-74.0724004777854,36.0649363169002,-99.0780818748759,14.0952290252056,53.0180414726194,-6.27285491559081,96.4896959787165,9.38862133917046,-12.8759280483414,37.8535456069769,-1.18516705753954,64.3070087979734,-2.76979814780327,53.6998542530499
150.173613374754,70.2290642360031,-155.835654592178,-75.4547787642801,23.3693085235747,-19.8904762805781,-161.8612280332,-16.4360525504288,147.56034268877,-2.96385037801075,-47.949063947492,-20.3507812588147,103.481294241446,36.4047409062751,40.3632586284818,111.334510949555,97.2418447029881,5.83449614369078,24.7522586359993,1.04797497087204,-53.1944147798626,86.0465881393663,135.291593175236,-171.34645202461,-40.4892230628524
130.307146302984,201.628268361611,-50.593344917415,17.9212481294378,24.1403762885266,-75.7786589783891,5.13844693981707,54.0441747316614,-24.0256221329224,55.423398950989,18.47392403334,5.59804443123214,37.5929492778197,27.8436197714828,39.1856572696193,32.1103734593443,-120.609999156638,25.9816980933657,67.605609239125,-2.54288310041439,-33.2059395415113,-6.414796664008,97.2339209096829,58.1071589944111,-4.72354224531883
-55.5296646957129,46.0201074879946,-172.69491438875,-157.972425892268,-0.531638124272192,-4.87264011752296,7.25197449851699,54.9303313439967,-18.9707641747665,-68.4067153977882,25.6255329301813,121.474656208533,73.4917690382635,-144.900568154021,24.519317921731,-45.0227313162408,14.102768003318,-68.4163655183486,94.4300464854895,27.6446829831923,-2.3686260490739,-1.42578653581165,173.057241113517,90.4345058216925,57.2262919038989
12.2765691286985,21.3936637791076,2.70933072475067,-40.4506801232097,-123.456611622159,26.6247807459006,-43.959122565761,-60.8733329268198,-35.8938836041808,-4.25544513320663,-150.483097552888,-53.8541943177847,24.3196533308531,-135.088858167437,48.8165035790921,-111.776476821718,21.6971454635165,4.99875800837157,64.3671841205189,18.5144781683007,37.0329494655294,-37.9634544417036,-14.2609673924254,13.6673017393331,25.5104686317491
-143.145254536598,-101.735628070932,-19.9240773847817,34.3884930265525,-90.9270563758809,4.98616920449199,-14.9007990713019,13.2576314553165,50.9232863741129,-111.734477659297,-12.4110297314952,-12.3106308836549,48.8637810260351,77.1629270448695,-156.933829215148,-25.8016241636275,-32.7992172572002,-80.7147854568469,170.459002848694,-59.9150283974377,3.88736980990493,-47.8445925960724,-11.3285668051767,-58.5901721831527,-49.5804424673545
16.2921195149234,60.5151748098821,67.4602669685647,-51.8482664106974,-10.2097616692301,-89.9484341036623,-34.1933449033392,135.605641864238,20.7165056815237,-6.40498206514981,39.0737609694603,-20.2512661539139,-1.61162821194738,33.2550368166077,-7.09563060473732,-85.0240166097665,54.7530412624195,110.264658935284,143.721422062975,3.35914333882434,10.0588005851697,-80.0887102059924,-31.291481908073,-40.9254978737463,-8.78587179394034
74.8020885386904,-0.73096375146415,56.503754482582,-180.050526798945,74.2554154859643,13.7748889182161,-69.2375189728819,2.81140491258368,89.6357115420127,78.5562329263949,-3.22391524390536,121.176569323812,72.3380377381633,36.4632955321153,60.8042776629446,82.1608323127412,-19.6198520633527,30.0110301456683,-164.065137452857,-34.2651886037255,117.251085004663,63.2384771610139,8.62356829832929,-61.6461110385526,-26.1862410547352
60.1650014634514,13.6767020323337,-104.531075825179,-83.8732249229949,-134.052007048467,-2.84940174152623,42.2295179294575,143.891204715349,-49.5708749186337,66.959959954863,49.3116810012835,15.9063044234645,17.5428482270512,-25.4144755703876,-25.8334559685185,45.9827626609207,-32.1047531725867,16.0229326604627,37.775413236413,-76.1665089141042,-28.1083466615835,70.5434622318747,44.0007383890425,-51.2486629050489,15.7307119348234
-26.4702787759787,14.4504340274357,-64.2824430818281,23.0807454821688,-116.111185945647,-62.6964185612528,14.24483198688,-19.1203521906036,1.83901641985301,10.2653704188144,-3.4479691798664,43.3917675671791,14.4547276139797,23.3592731343643,40.80607056377,-126.415718242517,-60.7588072463485,24.9685713242522,14.3875077553809,-11.9752219150928,56.7273218336929,99.6188060344842,-124.990364420761,-3.87103566049512,-1.68593338511558
-38.2693489059048,31.8602856534205,29.9616240719644,-88.5084780372767,-48.4216587276272,54.696731737305,103.885454526322,137.1711354095,-24.4181120559591,37.3193170324462,10.6895087653436,-46.8509375417643,88.9234328042182,-19.0694042087603,37.943543699377,15.1638824018408,83.6950252178708,-50.000719458193,-223.59869658622,0.53027125939618,-40.9865815231557,-196.88282070338,63.7263039326963,12.0622448711674,25.5733475561601
-14.3299562894655,-4.8129314816372,37.5578568748617,84.385052017337,-79.3192210538822,43.8505760256934,9.30200868249251,-78.8627515834148,-60.8765165798871,47.7088165711043,104.185580913615,6.46798508781009,-58.2716110154665,33.8136870011898,-19.6832000940669,-63.3065744526295,-113.118278309141,-47.0179637622863,-44.7679593737353,26.8544707737938,88.0733241887028,70.3048923219597,63.0149360549408,4.37465790289008,26.9969209221942
-88.3414785899358,20.6181443034166,-48.7030466780009,-53.2201372190579,-10.4734304200832,18.9597465663484,12.5547432396933,-13.0256273065605,72.9963242128855,30.7387582665012,-47.443596020494,-48.4547263860609,-5.46472619249962,-15.1783530340884,21.2986915218485,40.0159408795619,97.3411617027145,-17.4362755544264,-1.1852476058814,-61.7031638196365,27.0538118828158,-220.983283293193,33.9046226561041,39.493195248415,-122.352238986801
-74.0054336395465,-0.664311797939642,-119.282910516712,98.0195633546319,15.2494809583386,-80.9813321143179,-88.1382631691333,21.445433737018,-9.67334706795701,9.89652085036114,37.3166234179014,-168.321328787613,-131.512433405344,-34.6687717803904,-16.2448012272401,-12.3791466180907,-0.492871314142189,17.2468405120201,95.2846715549429,-3.15670045196686,6.90249088131204,-3.86346130914808,86.2549234358729,7.33233130879644,-105.773019341941
85.8444945103413,-20.1413426540867,-74.4744807417655,41.0977678262866,37.1617238275924,-7.77545504757005,26.9952657868387,17.8494228213671,149.695032368761,58.3658390000743,217.994362002954,-75.8343480551031,4.59162761114654,16.0326751808799,18.5720134387836,25.394588546885,-24.3742518150437,29.3218115843715,1.69578681528523,2.03286900914711,180.787175586156,-13.372596718427,-114.607423006953,37.001092871103,63.5399837635143
-12.4847209298258,-28.0697946464041,25.7478504670357,-53.932243663398,-4.29056963562295,-48.0048230223873,66.364642572534,43.4676923865532,61.8426315046964,-15.8922113122714,183.843909712508,2.13994476638475,-66.1049810815633,111.349440821322,22.5364483192268,15.8509296964184,82.9931074043735,15.8196151170596,16.5707230093002,140.743374496739,15.5117481386717,-62.7339124790537,-39.5152485618825,-15.4710793167587,-9.25849952283995
