85.8177470776767
6.39667026301361
0.902775442584203
0.724206688520175
0.672754530424631
0.505576162443033
0.412844037424742
0.370124684827448
0.362979532400066
0.292022136006101
0.269295980540538
0.230489321292505
0.225649144323827
0.210534548102589
0.195318900375334
0.181898829446483
0.1756796459256
0.161064982766947
0.150172063739727
0.140590403634342
0.131753037164013
0.127634935728115
0.119148933368087
0.107087512618723
0.0991151990749096
0.0953544017282321
0.0868007247447618
0.0797444444616906
0.0785708830971973
0.0725899594345993
0.0696655365075753
0.0631061534425513
0.0629544836210671
0.0605630088275585
0.0525596604301712
0.0495284611747619
0.040957841823439
0.0401442839865021
0.037276200980372
0.0357356028767063
0.0309787240499305
0.0300329620803482
0.0269691468121491
0.00333352649793577
