163277.805953515
12170.3764258411
1717.63065977999
1377.88374998245
1279.99029820248
961.914864432153
785.481685631865
704.203367319369
690.608920351535
555.604583907073
512.365546195947
438.531562035661
429.322587169925
400.565387255981
371.615925615849
346.082748486181
334.250060322125
306.444038647672
285.719049006731
267.488875264423
250.674802921363
242.839657044847
226.694093990068
203.745899896185
188.57768693169
181.422351813821
165.148030263152
151.722672431629
149.489841446532
138.110469155151
132.546429367758
120.066473743936
119.777905044284
115.227858339797
100.00059811559
94.2334044909058
77.9268482015627
76.3789639566977
70.9221171332825
67.9909579408254
58.9404670520391
57.1410497449417
51.3118005293264
6.34240481957885
