268.159459867571,936.663288298387,542.178812109431,1000.4249274473,980.264579555614,905.367270221008,917.610515112131,260.397704928653,2081.78781433934,483.552914132988,1058.07662605074,598.027987475075,1375.32504290747,2786.0157945099,1072.0667855478,6963.27291294234,970.492653730613,4645.94412394018,310.360131870873,819.316482091448
1274.14902043529,380.495332079948,344.496316420463,1267.59411421726,NaN,861.746571334525,107.338364222345,213.221710423013,1114.4542286388,1886.8829040722,11.3978224537169,1836.94750910636,10450.6406036791,1255.51183052806,1941.62997959842,2303.17738577607,2943.41994844015,359.262432773462,1311.60241180091,3528.36951339807
602.181223667985,748.449556734643,638.36352945366,353.502166403822,341.892053364794,1077.22981026889,179.800150731949,30680.7705407492,789.069064481704,548.300509574135,1763.81280171245,624.851270477982,2022.3713148429,1927.72061328474,247.638506905579,1125.15186932258,4772.81863887751,191.417901619201,155.317376261304,609.622481397136
2023.13208385435,746.682156412754,293.272438609305,1300.76438715075,7055.51487378273,77.6325850656188,161.220360571932,402.403367616226,1612.9340017536,366.276715374815,821.067365192788,820.120471571753,4517.10888683025,395.59341834872,8.09635547978457,435.49189855462,96.5636121965657,3129.02852777896,2352.56384756267,403.183872318331
87.890247137701,2052.00138695291,689.516291634155,1414.35465694735,966.109535834477,1177.24838133594,33.0658229666048,529.155255078928,525.628623920288,797.891555712594,371.774434302083,124.824922852869,1407.17460898554,46.7137584189273,512.127391280266,441.763413039347,792.637086595096,633.992530809079,2267.86898664798,282.312624095691
682.505412986661,1681.58541569785,204.285010935448,1203.6028866164,145.648823679339,39.6458952958527,1230.48398416661,303.399087612349,1545.47227783274,5559.27472554058,393.839867743238,194.8907789501,93.1426780208886,207.425556724419,1995.62891258615,1309.61447856638,181.482490226019,1105.38629715745,1155.91826624638,571.464827414335
2920.78104547178,702.535265960664,2410.04704838504,734.325931549098,1626.74012675653,344.437688938212,333.28101771986,NaN,401.371734960496,178.831083450526,1127.70559011285,3258.8759584467,4742.1968124532,2316.03724140064,622.277963601111,5559.57178596858,401.171625123815,NaN,2491.68102157516,2150.77099788409
1208.2044567463,1665.81486218044,16049.1159942275,136.481948561702,604.343247905167,4641.99333935842,62.0092634450346,1915.10795553662,12479.2662382114,2465.01305763415,1138.94630399366,1543.80711610907,1202.58480179885,358.52640413433,2688.93474254093,2632.0736370183,2151.44420293656,11373.6189057995,1685.30778205467,28.3560890687967
10527.6056611282,92.6056692182409,2302.75758329877,181.121684075833,91.3485187917773,77.7691304336636,129.458434155663,1087.14128693433,308.056511052461,319.972158446727,217.931135926121,771.500388057389,249.575808808484,453.873616487594,3683.47965113067,7439.82812542229,871.996758510646,1296.03267216003,1283.61986817317,30.8495295959044
99.8005400780323,2894.5830602865,950.672347018514,74.9861774106567,205.699521407645,1702.8745652332,314.062330577299,365.264442160728,1607.34858516673,348.907774390303,577.430897065339,1051.49594408304,160.880630148106,694.590761205357,12842.1470206765,3155.21445142862,2888.88063943014,4937.7058809407,1607.76539963009,13.2053282283316
2572.46962604133,715.270841064631,2750.91007028286,2420.09877604791,2249.93524659896,1903.85364001675,3056.78888567729,653.945976144468,1455.5302523569,1442.80439034925,3507.06079811147,960.946014163489,1512.60942788042,1037.2625818469,1455.69307437228,1194.33075052868,1973.7907868741,8519.44688482278,1556.74269880946,27.3288037906302
77.7809617237477,200.823902896468,1833.08628190638,2257.12272755554,512.530484142822,9403.46525056691,1214.48594340044,2320.88449964901,935.50930595265,329.222959276877,2574.72334797513,666.299120705219,1106.58588389634,803.631407969856,2899.34583389927,417.899289614883,459.61712813883,416.038021472192,7473.50006579753,130.108650187437
175.750967484421,2119.07568973808,345.799627391362,90.0125371934844,716.043531653897,268.147949709308,4206.3955152775,1614.5237617869,425.947855792717,2186.93080482105,548.520403765017,627.049831099464,211.193270278324,1781.54961051041,194.611270521435,1277.82808905718,4676.55354176902,2826.47560903364,1095.87655903537,1280.56043735036
187.59296871649,771.018525765792,92.6866021277036,2017.99910646213,626.794665909495,334.987071033352,626.596741575752,300.841628349482,986.420140000288,1595.23096661494,3679.74267173873,669.612358571993,3208.85487847377,1284.78004871336,1551.22114462821,605.044390438234,7827.39404098219,12154.6285399641,633.014009732034,2100.72637993385
179.268580647512,3262.12750177617,810.127662731153,96.5247898035408,676.757054771775,519.8148345616,8340.96533784955,171.54384660117,1601.32880228381,4499.51000276009,305.417734617495,312.827704225395,78.5168706669209,516.842707690692,336.776475908586,1312.77541069593,246.137322432693,739.856047716959,823.699220286463,NaN
773.598246194861,1109.69249021686,339.899573704373,1091.49627800034,58.2934132738641,258.047877382202,1828.63165064439,110.416828486022,64.327790570757,1277.52702199995,2851.11552654021,2215.6285295355,359.285066879026,831.558664009789,2044.16404353561,2194.41888769988,327.010645629818,262.779480571187,191.251424266286,4187.01023644903
10.1449219080449,40.3983742764322,111.055653393755,282.737686966885,78.2138097840322,1963.63239530585,92.2288854982083,2092.32844627479,2265.2846251557,280.38661148106,1057.6416653671,5718.68691679238,1731.54031244624,13366.7174411159,83.9723567937491,9458.7701776801,2855.34918165207,99.2095432719841,5707.55672304239,2348.69632114915
14.7498356840704,283.780348321275,370.449600113573,7319.3156376137,326.279217824779,4685.80818805189,5431.1294108541,976.424984634247,1258.30778767276,100.867596664204,189.568726235542,502.02782554808,821.862699905715,1780.56941829579,1664.70306895166,138.547829930247,563.923414488182,432.835569994342,123.809699734405,2115.08057647297
22.9208188271703,6.86353725312095,77.5722015275907,99.3955385698171,98.4489704561454,102.680184186738,697.492646673963,163.582912159781,4009.20006781695,4404.7685762521,493.873237586599,3551.83437703214,1387.53296666962,1840.56058553683,1914.16547450468,2219.84270677044,395.776336304268,539.360376274246,1068.09286179974,422.380998999856
33.9624840025735,15.9396062258558,18.1279049421748,77.9675752183602,3500.52990436743,98.0130503483429,62.3214135209203,1006.13007490769,288.633602732629,816.94616602325,4246.48666659025,94.7921550819086,442.961830895833,892.796736726792,1102.64419042867,1643.35895147514,4712.43736765989,444.139482615201,398.142119313771,222.493686575326
