236.9885407018,23.8408053291643,53.2698548908813,7949.1513330903,727.593681915464,486.43339641217,3062.20064492687,384.919064884078,NaN,1669.47726055215,436.222868691709,2335.59970120713,2524.38802822554,7532.45113058292,1969.23766081348,1006.9077171755,5169.62779588257,3199.90667600302,15490.5523371671,974.675471386232
NaN,361.922155681894,1521.2729232519,37.617614244543,NaN,1012.57800948838,2086.56312662858,313.275569530274,1036.92664168203,2968.8345442252,2438.67787625121,1853.14941496822,4847.95792989478,1295.5829604984,89.4522904194487,96.867447519417,2837.34242023634,71.8636443000466,116.508014918348,102.693683419285
NaN,2444.88102011907,1417.5681342856,245.728107741595,197.968830475239,39.3956847297054,81.6379644001576,47733.7221403268,740.062952729274,275.117936697384,647.958173910889,29106.8268102076,NaN,734.776310706985,119.517552636586,231.289350780067,102.322510998856,310.165620675598,467.860904621336,184.422535964855
90.8154187889553,1480.5776198474,NaN,NaN,145.764893351691,102.717754905453,47.9574123172464,89.9216803535121,99.2297383673976,35.87430832039,154.736874058279,708.433164368519,1503.49403176699,1993.67203379281,86.7091770816413,633.467920774424,43.5000305055733,56.0571705236782,114.691589979478,91.4077506563948
3196.8662601363,6535.88577229964,470.86965995402,10626.6394068055,217.387809305738,826.524312063665,273.881935473895,366.110675974134,312.107298340616,92.0855499345866,52.8686205919388,133.045702906111,77.274336537207,168.708320139997,451.071041866317,124.964814701127,72.8749369475235,149.104216949163,191.018968933897,74.5121947377201
NaN,274.108108490107,460.851467253593,NaN,3053.20631835273,1465.8992653623,1525.49943692857,75.4858353099205,104.457842863117,100.253146650812,57.5851301650616,30.8876853809668,34.2873571951463,67.6662310252886,5227.36924412732,74.4787045609113,195.237230280097,328.077359028205,87.0364229709611,NaN
742.611801051299,154.057047519746,NaN,NaN,1432.37034455027,NaN,NaN,182.625178078928,119.402810377042,259.856263382653,195.255004834115,2004.53683406151,430.821408625236,186.500485758985,277.455592650818,75.4757275222978,765.114380774633,156.187763012511,1339.25441679775,NaN
44.1901267862878,982.054658347193,1883.33343650266,26.3237904718118,50.0518129711088,1048.63207813674,2437.3916146288,7221.79663003768,NaN,506.402711776719,NaN,165.73090615004,6790.02531702186,36.1841894099649,203.093819178401,162.50496743562,1831.11284895827,495.723376274957,127.15580337156,919.928367404706
134.085156000023,119.380466894936,48.3703788773851,501.762158697667,1399.00542290922,NaN,42.0137227957482,888.966353587758,5113.80927714427,1359.54761900675,653.412672574761,223.043370584825,393.867817811629,68.1487976006608,139.119353851531,NaN,948.806333449703,1201.85546097057,60.9952056314731,NaN
NaN,472.188095839817,39.6402574360483,47.9243848804569,1345.99196913023,214.216076866888,822.558087641985,2656.41517233787,NaN,1288.42025151364,1901.39884721947,NaN,440.925810561024,NaN,265.326977876633,NaN,5624.77524649649,6422.62704446816,2907.83115523367,132.343755530511
47.2394487023545,59.5490796499243,605.712037892082,1665.59306786622,253.620651472269,415.832259126009,1996.66121419425,631.469299872081,1057.45859248107,396.691763457302,5872.30807823933,774.610725278093,NaN,57.5760263982772,580.310731529756,2069.45717370726,266.282715366396,NaN,NaN,3041.58467874699
506.12198441861,2206.38677525294,NaN,NaN,424.430907213363,80.9702911270487,464.982758820465,3005.77001415211,4532.71853957837,426.468648959676,4025.64530557289,100.572823320133,NaN,NaN,145.009759678765,1908.29164255286,NaN,76.4052663863989,43.2985228588983,124.482071505681
216.195062310515,520.564650180001,12202.9325871721,649.880967013398,NaN,1258.25715492739,73.1629043206949,149.228262095321,84.204199414733,776.103455847385,184.56816657526,65.8704459008346,48.2662504182209,268.980437781316,1170.58894718852,85.1380747070619,18.9022674491113,62.8382277494217,2534.98852028401,170.065138347237
131.537787918019,553.591274051085,917.189574247734,10749.0854192535,726.632540147938,1642.76457373309,2641.26299007839,2189.00249327203,2580.29961200212,NaN,468.614370101924,94.9116211872418,26.1440948734529,88.0777845730508,2861.77054310989,78.1366117760934,129.827816141136,231.149629220056,503.644423435207,481.181460945698
8211.61609547966,995.571802061116,471.243958564729,66.0184305364154,2037.69525234084,296.956839914167,NaN,NaN,3382.41223368625,NaN,1504.61613805149,500.118103071559,293.34009433815,1282.80039538044,NaN,103.810159649467,405.12114267428,416.4644720719,330.915954555206,290.663671677754
NaN,2323.9885699757,6862.28983365929,814.82778583378,NaN,9706.9147787185,198.736000549169,42.8895348651227,422.457765994406,33.4879663174342,36.3659564558364,48.9630130919312,141.110166343074,3412.70837998493,170.981418248643,130.035288458014,NaN,5330.27407049867,1819.29799498233,401.155603785442
5570.0946357846,3393.38348437128,1140.93334081461,NaN,199.623852377758,530.169132636608,2279.77848702427,NaN,194.340675667797,79.8420073976467,75.7014684083928,956.418821645057,1164.27865397699,7105.08784720602,3491.40093339609,1559.9466531574,4133.85429780286,1483.2655024632,NaN,97.5074354320522
NaN,1897.5511336658,696.795237814373,6024.32380347044,771.346542616458,3721.70835145357,479.899442551697,1416.94250344004,2169.11206242349,NaN,923.765156691592,NaN,1174.35979055104,381.995102704843,2384.80754923936,35.4438363453853,165.772735470663,NaN,2020.70415334401,793.821123011081
2359.32155546844,NaN,1026.08694701434,417.674374810433,7049.49159952862,3337.48990603683,NaN,5.81880280855131,22.1244899406472,215.512707910343,145.036932235232,525.950249807181,7391.88746846094,51.0249033883464,266.95256569226,3309.70985455362,641.464403303107,47.0931221837316,961.308836165567,1360.08493858419
117.454720974442,NaN,NaN,NaN,2996.23603913619,NaN,752.524823728343,53.3620632092734,3580.53772179724,7.8926823695581,1041.55010167439,1658.35002153514,114.822843913218,7.77005514672743,1731.82096354946,257.557236893739,655.178870461415,150.605950199041,2319.73878819412,1091.9746650929
