90			-12581
89.875			-12582
89.75			-12583
89.625			-12579
89.5			-12579
89.375			-12575
89.25			-12580
89.125			-12583
89			-12578
88.875			-12564
88.75			-12581
88.625			-12570
88.5			-12578
88.375			-12581
88.25			-12580
88.125			-12582
88			-12575
87.875			-12572
87.75			-12563
87.625			-12561
87.5			-12557
87.375			-12553
87.25			-12559
87.125			-12567
87			-12568
86.875			-12577
86.75			-12578
86.625			-12580
86.5			-12580
86.375			-12567
86.25			-12564
86.125			-12574
86			-12573
85.875			-12579
85.75			-12576
85.625			-12574
85.5			-12571
85.375			-12573
85.25			-12561
85.125			-12564
85			-12580
84.875			-12567
84.75			-12569
84.625			-12555
84.5			-12560
84.375			-12573
84.25			-12566
84.125			-12572
84			-12568
83.875			-12568
83.75			-12563
83.625			-12565
83.5			-12564
83.375			-12565
83.25			-12557
83.125			-12543
83			-12549
82.875			-12555
82.75			-12541
82.625			-12547
82.5			-12551
82.375			-12553
82.25			-12552
82.125			-12542
82			-12556
81.875			-12552
81.75			-12548
81.625			-12546
81.5			-12556
81.375			-12551
81.25			-12541
81.125			-12537
81			-12533
80.875			-12540
80.75			-12550
80.625			-12547
80.5			-12548
80.375			-12547
80.25			-12541
80.125			-12542
80			-12534
79.875			-12527
79.75			-12541
79.625			-12537
79.5			-12548
79.375			-12549
79.25			-12547
79.125			-12533
79			-12539
78.875			-12544
78.75			-12544
78.625			-12547
78.5			-12541
78.375			-12539
78.25			-12543
78.125			-12527
78			-12532
77.875			-12535
77.75			-12536
77.625			-12537
77.5			-12540
77.375			-12550
77.25			-12553
77.125			-12536
77			-12536
76.875			-12539
76.75			-12544
76.625			-12541
76.5			-12532
76.375			-12525
76.25			-12530
76.125			-12534
76			-12534
75.875			-12535
75.75			-12535
75.625			-12539
75.5			-12548
75.375			-12548
75.25			-12553
75.125			-12541
75			-12547
74.875			-12552
74.75			-12541
74.625			-12521
74.5			-12544
74.375			-12535
74.25			-12532
74.125			-12530
74			-12530
73.875			-12534
73.75			-12540
73.625			-12540
73.5			-12532
73.375			-12524
73.25			-12536
73.125			-12536
73			-12548
72.875			-12537
72.75			-12548
72.625			-12545
72.5			-12548
72.375			-12546
72.25			-12536
72.125			-12528
72			-12526
71.875			-12537
71.75			-12537
71.625			-12527
71.5			-12525
71.375			-12527
71.25			-12523
71.125			-12526
71			-12541
70.875			-12544
70.75			-12536
70.625			-12528
70.5			-12530
70.375			-12533
70.25			-12525
70.125			-12518
70			-12525
69.875			-12528
69.75			-12535
69.625			-12537
69.5			-12544
69.375			-12528
69.25			-12527
69.125			-12527
69			-12531
68.875			-12538
68.75			-12533
68.625			-12533
68.5			-12525
68.375			-12522
68.25			-12525
68.125			-12525
68			-12511
67.875			-12525
67.75			-12529
67.625			-12533
67.5			-12520
67.375			-12523
67.25			-12518
67.125			-12528
67			-12531
66.875			-12545
66.75			-12533
66.625			-12525
66.5			-12532
66.375			-12532
66.25			-12538
66.125			-12529
66			-12536
65.875			-12529
65.75			-12531
65.625			-12523
65.5			-12521
65.375			-12518
65.25			-12521
65.125			-12522
65			-12528
64.875			-12512
64.75			-12518
64.625			-12523
64.5			-12517
64.375			-12510
64.25			-12511
64.125			-12529
64			-12524
63.875			-12530
63.75			-12526
63.625			-12524
63.5			-12528
63.375			-12546
63.25			-12545
63.125			-12543
63			-12541
62.875			-12540
62.75			-12539
62.625			-12536
62.5			-12530
62.375			-12526
62.25			-12524
62.125			-12522
62			-12529
61.875			-12524
61.75			-12526
61.625			-12524
61.5			-12527
61.375			-12531
61.25			-12529
61.125			-12536
61			-12528
60.875			-12523
60.75			-12519
60.625			-12520
60.5			-12527
60.375			-12538
60.25			-12538
60.125			-12531
60			-12532
59.875			-12516
59.75			-12510
59.625			-12504
59.5			-12514
59.375			-12512
59.25			-12513
59.125			-12506
59			-12504
58.875			-12513
58.75			-12513
58.625			-12518
58.5			-12511
58.375			-12500
58.25			-12493
58.125			-12502
58			-12513
57.875			-12514
57.75			-12513
57.625			-12520
57.5			-12516
57.375			-12509
57.25			-12506
57.125			-12502
57			-12498
56.875			-12488
56.75			-12500
56.625			-12503
56.5			-12499
56.375			-12478
56.25			-12486
56.125			-12495
56			-12497
55.875			-12505
55.75			-12499
55.625			-12488
55.5			-12492
55.375			-12492
55.25			-12490
55.125			-12493
55			-12494
54.875			-12492
54.75			-12486
54.625			-12488
54.5			-12494
54.375			-12487
54.25			-12486
54.125			-12503
54			-12504
53.875			-12484
53.75			-12484
53.625			-12497
53.5			-12484
53.375			-12494
53.25			-12497
53.125			-12502
53			-12504
52.875			-12498
52.75			-12490
52.625			-12487
52.5			-12489
52.375			-12488
52.25			-12496
52.125			-12499
52			-12501
51.875			-12503
51.75			-12512
51.625			-12513
51.5			-12524
51.375			-12517
51.25			-12512
51.125			-12508
51			-12502
50.875			-12512
50.75			-12504
50.625			-12496
50.5			-12499
50.375			-12514
50.25			-12513
50.125			-12518
50			-12514
49.875			-12508
49.75			-12503
49.625			-12503
49.5			-12509
49.375			-12512
49.25			-12498
49.125			-12486
49			-12486
48.875			-12483
48.75			-12483
48.625			-12506
48.5			-12497
48.375			-12488
48.25			-12486
48.125			-12489
48			-12491
47.875			-12495
47.75			-12491
47.625			-12485
47.5			-12486
47.375			-12502
47.25			-12497
47.125			-12510
47			-12505
46.875			-12505
46.75			-12517
46.625			-12512
46.5			-12489
46.375			-12491
46.25			-12498
46.125			-12493
46			-12485
45.875			-12489
45.75			-12495
45.625			-12488
45.5			-12497
45.375			-12505
45.25			-12504
45.125			-12496
45			-12485
44.875			-12491
44.75			-12488
44.625			-12479
44.5			-12484
44.375			-12480
44.25			-12479
44.125			-12488
44			-12485
43.875			-12487
43.75			-12474
43.625			-12473
43.5			-12471
43.375			-12482
43.25			-12479
43.125			-12488
43			-12479
42.875			-12479
42.75			-12493
42.625			-12485
42.5			-12484
42.375			-12471
42.25			-12473
42.125			-12478
42			-12475
41.875			-12485
41.75			-12476
41.625			-12479
41.5			-12481
41.375			-12475
41.25			-12480
41.125			-12479
41			-12494
40.875			-12490
40.75			-12493
40.625			-12484
40.5			-12480
40.375			-12497
40.25			-12497
40.125			-12496
40			-12477
39.875			-12470
39.75			-12477
39.625			-12478
39.5			-12480
39.375			-12472
39.25			-12474
39.125			-12467
39			-12472
38.875			-12490
38.75			-12478
38.625			-12485
38.5			-12468
38.375			-12472
38.25			-12474
38.125			-12487
38			-12483
37.875			-12473
37.75			-12484
37.625			-12478
37.5			-12479
37.375			-12469
37.25			-12465
37.125			-12466
37			-12471
36.875			-12469
36.75			-12479
36.625			-12482
36.5			-12493
36.375			-12493
36.25			-12500
36.125			-12496
36			-12485
35.875			-12466
35.75			-12474
35.625			-12469
35.5			-12459
35.375			-12458
35.25			-12460
35.125			-12467
35			-12469
34.875			-12476
34.75			-12484
34.625			-12473
34.5			-12471
34.375			-12462
34.25			-12467
34.125			-12473
34			-12479
33.875			-12491
33.75			-12494
33.625			-12479
33.5			-12469
33.375			-12468
33.25			-12476
33.125			-12462
33			-12475
32.875			-12486
32.75			-13158
32.625			-13171
32.5			-13162
32.375			-13158
32.25			-13162
32.125			-13171
32			-13166
31.875			-13164
31.75			-13173
31.625			-13166
31.5			-13159
31.375			-13170
31.25			-13165
31.125			-13164
31			-13165
30.875			-13161
30.75			-13166
30.625			-13170
30.5			-13169
30.375			-13171
30.25			-13164
30.125			-13165
30			-13169
29.875			-13164
29.75			-13166
29.625			-13162
29.5			-13181
29.375			-13173
29.25			-13161
29.125			-13178
29			-13194
28.875			-13197
28.75			-13195
28.625			-13193
28.5			-13187
28.375			-13178
28.25			-13187
28.125			-13190
28			-13177
27.875			-13176
27.75			-13178
27.625			-13179
27.5			-13182
27.375			-13184
27.25			-13181
27.125			-13183
27			-13182
26.875			-13184
26.75			-13185
26.625			-13173
26.5			-13178
26.375			-13177
26.25			-13190
26.125			-13189
26			-13192
25.875			-13183
25.75			-13169
25.625			-13178
25.5			-13178
25.375			-13188
25.25			-13193
25.125			-13201
25			-13211
24.875			-13210
24.75			-13202
24.625			-13192
24.5			-13197
24.375			-13203
24.25			-13200
24.125			-13201
24			-13201
23.875			-13191
23.75			-13205
23.625			-13199
23.5			-13193
23.375			-13202
23.25			-13204
23.125			-13208
23			-13196
22.875			-13193
22.75			-13199
22.625			-13189
22.5			-13185
22.375			-13187
22.25			-13187
22.125			-13187
22			-13184
21.875			-13187
21.75			-13188
21.625			-13192
21.5			-13198
21.375			-13188
21.25			-13187
21.125			-13187
21			-13190
20.875			-13190
20.75			-13198
20.625			-13202
20.5			-13220
20.375			-13199
20.25			-13196
20.125			-13193
20			-13200
19.875			-13196
19.75			-13208
19.625			-13202
19.5			-13203
19.375			-13200
19.25			-13215
19.125			-13215
19			-13201
18.875			-13212
18.75			-13201
18.625			-13202
18.5			-13208
18.375			-13195
18.25			-13203
18.125			-13197
18			-13199
17.875			-13189
17.75			-13184
17.625			-13192
17.5			-13190
17.375			-13175
17.25			-13195
17.125			-13199
17			-13197
16.875			-13195
16.75			-13194
16.625			-13193
16.5			-13201
16.375			-13173
16.25			-13146
16.125			-13130
16			-13133
15.875			-13117
15.75			-13113
15.625			-13081
15.5			-13075
15.375			-13065
15.25			-13049
15.125			-13033
15			-12990
14.875			-12996
14.75			-12980
14.625			-12984
14.5			-12948
14.375			-12920
14.25			-12913
14.125			-12912
14			-12896
13.875			-12867
13.75			-12813
13.625			-12797
13.5			-12786
13.375			-12765
13.25			-12745
13.125			-12701
13			-12658
12.875			-12614
12.75			-12591
12.625			-12566
12.5			-12528
12.375			-12500
12.25			-12471
12.125			-12435
12			-12407
11.875			-12393
11.75			-12364
11.625			-12318
11.5			-12316
11.375			-12285
11.25			-12233
11.125			-12203
11			-12162
10.875			-12101
10.75			-12070
10.625			-12041
10.5			-12029
10.375			-11968
10.25			-11932
10.125			-11927
10			-11903
9.875			-11860
9.75			-11822
9.625			-11783
9.5			-11738
9.375			-11717
9.25			-11679
9.125			-11634
9			-11586
8.875			-11567
8.75			-11520
8.625			-11499
8.5			-11480
8.375			-11435
8.25			-11392
8.125			-11358
8			-11333
7.875			-11286
7.75			-11244
7.625			-11200
7.5			-11153
7.375			-11120
7.25			-11101
7.125			-11084
7			-11072
6.875			-11002
6.75			-11002
6.625			-10951
6.5			-10906
6.375			-10868
6.25			-10824
6.125			-10805
6			-10752
5.875			-10731
5.75			-10700
5.625			-10640
5.5			-10601
5.375			-10573
5.25			-10535
5.125			-10498
5			-10420
4.875			-10391
4.75			-10333
4.625			-10280
4.5			-10239
4.375			-10211
4.25			-10181
4.125			-10168
4			-10100
3.875			-10085
3.75			-10015
3.625			-10011
3.5			-9947
3.375			-9935
3.25			-9905
3.125			-9899
3			-9863
2.875			-9859
2.75			-9789
2.625			-9771
2.5			-9725
2.375			-9683
2.25			-9621
2.125			-9588
2			-9550
1.875			-9517
1.75			-9494
1.625			-9446
1.5			-9427
1.375			-9387
1.25			-9307
1.125			-9277
1			-9261
0.875			-9212
0.75			-9222
0.625			-9182
0.5			-9152
0.375			-9123
0.25			-9079
0.125			-9027
0			-8954
-0.125			-8933
-0.25			-8874
-0.375			-8864
-0.5			-8825
-0.625			-8834
-0.75			-8804
-0.875			-8764
-1			-8684
-1.125			-8664
-1.25			-8618
-1.375			-8585
-1.5			-8559
-1.625			-8573
-1.75			-8530
-1.875			-8466
-2			-8430
-2.125			-8346
-2.25			-8305
-2.375			-8288
-2.5			-8257
-2.625			-8202
-2.75			-8164
-2.875			-8153
-3			-8119
-3.125			-8103
-3.25			-8072
-3.375			-8006
-3.5			-7985
-3.625			-7936
-3.75			-7882
-3.875			-7868
-4			-7861
-4.125			-7829
-4.25			-7756
-4.375			-7735
-4.5			-7672
-4.625			-7626
-4.75			-7586
-4.875			-7554
-5			-7514
-5.125			-7474
-5.25			-7425
-5.375			-7378
-5.5			-7344
-5.625			-7339
-5.75			-7305
-5.875			-7278
-6			-7260
-6.125			-7233
-6.25			-7169
-6.375			-7147
-6.5			-7114
-6.625			-7070
-6.75			-7030
-6.875			-7061
-7			-7025
-7.125			-6968
-7.25			-6934
-7.375			-6897
-7.5			-6858
-7.625			-6857
-7.75			-6806
-7.875			-6769
-8			-6726
-8.125			-6632
-8.25			-6614
-8.375			-6564
-8.5			-6519
-8.625			-6470
-8.75			-6443
-8.875			-6425
-9			-6396
-9.125			-6358
-9.25			-6318
-9.375			-6268
-9.5			-6201
-9.625			-6176
-9.75			-6174
-9.875			-6141
-10			-6109
-10			-6094
-9.875			-6113
-9.75			-6168
-9.625			-6184
-9.5			-6278
-9.375			-6306
-9.25			-6338
-9.125			-6387
-9			-6426
-8.875			-6459
-8.75			-6504
-8.625			-6527
-8.5			-6550
-8.375			-6552
-8.25			-6580
-8.125			-6607
-8			-6612
-7.875			-6665
-7.75			-6691
-7.625			-6733
-7.5			-6753
-7.375			-6823
-7.25			-6860
-7.125			-6902
-7			-6917
-6.875			-6946
-6.75			-6992
-6.625			-7014
-6.5			-7094
-6.375			-7161
-6.25			-7174
-6.125			-7225
-6			-7268
-5.875			-7329
-5.75			-7349
-5.625			-7351
-5.5			-7354
-5.375			-7396
-5.25			-7453
-5.125			-7450
-5			-7568
-4.875			-7591
-4.75			-7659
-4.625			-7698
-4.5			-7740
-4.375			-7810
-4.25			-7834
-4.125			-7852
-4			-7895
-3.875			-7941
-3.75			-7976
-3.625			-8013
-3.5			-8083
-3.375			-8082
-3.25			-8113
-3.125			-8133
-3			-8162
-2.875			-8262
-2.75			-8236
-2.625			-8289
-2.5			-8340
-2.375			-8371
-2.25			-8425
-2.125			-8480
-2			-8469
-1.875			-8523
-1.75			-8571
-1.625			-8617
-1.5			-8640
-1.375			-8656
-1.25			-8719
-1.125			-8733
-1			-8761
-0.875			-8814
-0.75			-8858
-0.625			-8904
-0.5			-8928
-0.375			-8951
-0.25			-9021
-0.125			-9066
0			-9105
0.125			-9146
0.25			-9207
0.375			-9248
0.5			-9283
0.625			-9346
0.75			-9402
0.875			-9427
1			-9421
1.125			-9471
1.25			-9536
1.375			-9618
1.5			-9619
1.625			-9647
1.75			-9687
1.875			-9720
2			-9773
2.125			-9806
2.25			-9813
2.375			-9857
2.5			-9902
2.625			-9948
2.75			-9974
2.875			-10009
3			-10047
3.125			-10120
3.25			-10163
3.375			-10182
3.5			-10205
3.625			-10286
3.75			-10309
3.875			-10339
4			-10337
4.125			-10378
4.25			-10468
4.375			-10506
4.5			-10525
4.625			-10528
4.75			-10565
4.875			-10631
5			-10649
5.125			-10685
5.25			-10760
5.375			-10794
5.5			-10822
5.625			-10857
5.75			-10907
5.875			-10953
6			-11004
6.125			-11034
6.25			-11054
6.375			-11093
6.5			-11101
6.625			-11162
6.75			-11202
6.875			-11243
7			-11270
7.125			-11300
7.25			-11343
7.375			-11384
7.5			-11441
7.625			-11487
7.75			-11553
7.875			-11555
8			-11613
8.125			-11676
8.25			-11690
8.375			-11716
8.5			-11724
8.625			-11792
8.75			-11839
8.875			-11867
9			-11875
9.125			-11923
9.25			-11960
9.375			-11984
9.5			-12040
9.625			-12096
9.75			-12129
9.875			-12169
10			-12241
10.125			-12281
10.25			-12320
10.375			-12325
10.5			-12358
10.625			-12374
10.75			-12420
10.875			-12397
11			-12482
11.125			-12516
11.25			-12580
11.375			-12610
11.5			-12618
11.625			-12647
11.75			-12666
11.875			-12720
12			-12765
12.125			-12822
12.25			-12841
12.375			-12881
12.5			-12916
12.625			-12963
12.75			-12978
12.875			-13015
13			-13046
13.125			-13092
13.25			-13105
13.375			-13145
13.5			-13176
13.625			-13182
13.75			-13172
13.875			-13206
14			-13230
14.125			-13244
14.25			-13262
14.375			-13298
14.5			-13288
14.625			-13303
14.75			-13326
14.875			-13319
15			-13310
15.125			-13340
15.25			-13351
15.375			-13389
15.5			-13369
15.625			-13388
15.75			-13412
15.875			-13422
16			-13404
16.125			-13403
16.25			-13416
16.375			-13390
16.5			-13400
16.625			-13375
16.75			-13376
16.875			-13361
17			-13362
17.125			-13345
17.25			-13331
17.375			-13291
17.5			-13272
17.625			-13289
17.75			-13274
17.875			-13261
18			-13243
18.125			-13234
18.25			-13235
18.375			-13247
18.5			-13233
18.625			-13224
18.75			-13230
18.875			-13233
19			-13218
19.125			-13210
19.25			-13206
19.375			-13217
19.5			-13211
19.625			-13222
19.75			-13222
19.875			-13222
20			-13217
20.125			-13216
20.25			-13210
20.375			-13223
20.5			-13228
20.625			-13236
20.75			-13226
20.875			-13217
21			-13212
21.125			-13218
21.25			-13214
21.375			-13208
21.5			-13209
21.625			-13202
21.75			-13205
21.875			-13209
22			-13202
22.125			-13205
22.25			-13201
22.375			-13203
22.5			-13203
22.625			-13196
22.75			-13195
22.875			-13201
23			-13205
23.125			-13198
23.25			-13191
23.375			-13196
23.5			-13194
23.625			-13199
23.75			-13201
23.875			-13194
24			-13183
24.125			-13179
24.25			-13193
24.375			-13198
24.5			-13199
24.625			-13198
24.75			-13191
24.875			-13177
25			-13182
25.125			-13185
25.25			-13186
25.375			-13190
25.5			-13193
25.625			-13175
25.75			-13175
25.875			-13182
26			-13186
26.125			-13180
26.25			-13184
26.375			-13175
26.5			-13166
26.625			-13181
26.75			-13182
26.875			-13171
27			-13174
27.125			-13167
27.25			-13178
27.375			-13192
27.5			-13191
27.625			-13183
27.75			-13180
27.875			-13163
28			-13171
28.125			-13178
28.25			-13171
28.375			-13168
28.5			-13171
28.625			-13182
28.75			-13181
28.875			-13172
29			-13166
29.125			-13165
29.25			-13169
29.375			-13173
29.5			-13170
29.625			-13160
29.75			-13164
29.875			-13168
30			-13153
30.125			-13159
30.25			-13160
30.375			-13167
30.5			-13170
30.625			-13168
30.75			-13174
30.875			-13165
31			-13163
31.125			-13166
31.25			-13163
31.375			-13162
31.5			-13165
31.625			-13167
31.75			-13163
31.875			-13166
32			-13175
32.125			-13160
32.25			-13171
32.375			-13164
32.5			-13162
32.625			-13169
32.75			-13160
32.875			-13165
33			-13164
33.125			-13158
33.25			-13160
33.375			-13160
33.5			-13169
33.625			-13159
33.75			-13153
33.875			-13140
34			-13143
34.125			-13145
34.25			-13144
34.375			-13141
34.5			-13143
34.625			-13143
34.75			-13149
34.875			-13155
35			-13146
35.125			-13145
35.25			-13146
35.375			-13143
35.5			-13145
35.625			-13140
35.75			-13131
35.875			-13138
36			-13143
36.125			-13139
36.25			-13137
36.375			-13140
36.5			-13142
36.625			-13137
36.75			-13157
36.875			-13156
37			-13150
37.125			-13151
37.25			-13144
37.375			-13147
37.5			-13147
37.625			-13138
37.75			-13132
37.875			-13133
38			-13130
38.125			-13132
38.25			-13139
38.375			-13136
38.5			-13128
38.625			-13128
38.75			-13121
38.875			-13117
39			-13129
39.125			-13130
39.25			-13122
39.375			-13116
39.5			-13113
39.625			-13118
39.75			-13125
39.875			-13130
40			-13127
40.125			-13127
40.25			-13121
40.375			-13117
40.5			-13114
40.625			-13130
40.75			-13107
40.875			-13100
41			-13097
41.125			-13095
41.25			-13093
41.375			-13108
41.5			-13096
41.625			-13103
41.75			-13100
41.875			-13101
42			-13112
42.125			-13102
42.25			-13103
42.375			-13090
42.5			-13090
42.625			-13096
42.75			-13095
42.875			-13085
43			-13086
43.125			-13090
43.25			-13088
43.375			-13087
43.5			-13089
43.625			-13089
43.75			-13090
43.875			-13088
44			-13088
44.125			-13086
44.25			-13091
44.375			-13084
44.5			-13081
44.625			-13091
44.75			-13098
44.875			-13102
45			-13081
45.125			-13074
45.25			-13072
45.375			-13066
45.5			-13066
45.625			-13058
45.75			-13066
45.875			-13055
46			-13051
46.125			-13048
46.25			-13058
46.375			-13065
46.5			-13060
46.625			-13053
46.75			-13048
46.875			-13025
47			-13044
47.125			-13035
47.25			-13045
47.375			-13044
47.5			-13040
47.625			-13033
47.75			-13039
47.875			-13037
48			-13033
48.125			-13037
48.25			-13018
48.375			-13022
48.5			-13015
48.625			-13015
48.75			-13010
48.875			-13010
49			-13020
49.125			-13006
49.25			-13010
49.375			-13007
49.5			-13008
49.625			-13006
49.75			-13009
49.875			-13009
50			-13008
50.125			-13009
50.25			-13005
50.375			-13010
50.5			-13005
50.625			-12999
50.75			-12994
50.875			-12993
51			-12991
51.125			-12990
51.25			-12996
51.375			-12981
51.5			-12970
51.625			-12952
51.75			-12945
51.875			-12948
52			-12955
52.125			-12940
52.25			-12946
52.375			-12947
52.5			-12938
52.625			-12927
52.75			-12929
52.875			-12921
53			-12920
53.125			-12931
53.25			-12944
53.375			-12928
53.5			-12907
53.625			-12905
53.75			-12899
53.875			-12901
54			-12893
54.125			-12900
54.25			-12896
54.375			-12896
54.5			-12900
54.625			-12889
54.75			-12896
54.875			-12885
55			-12892
55.125			-12882
55.25			-12874
55.375			-12875
55.5			-12878
55.625			-12871
55.75			-12885
55.875			-12882
56			-12869
56.125			-12868
56.25			-12859
56.375			-12859
56.5			-12856
56.625			-12836
56.75			-12843
56.875			-12838
57			-12824
57.125			-12821
57.25			-12812
57.375			-12819
57.5			-12822
57.625			-12829
57.75			-12815
57.875			-12805
58			-12810
58.125			-12811
58.25			-12805
58.375			-12798
58.5			-12790
58.625			-12793
58.75			-12787
58.875			-12773
59			-12768
59.125			-12768
59.25			-12760
59.375			-12740
59.5			-12729
59.625			-12610
59.75			-12548
59.875			-12558
60			-12556
60.125			-12546
60.25			-12551
60.375			-12539
60.5			-12553
60.625			-12561
60.75			-12556
60.875			-12548
61			-12560
61.125			-12552
61.25			-12550
61.375			-12552
61.5			-12556
61.625			-12550
61.75			-12555
61.875			-12560
62			-12556
62.125			-12549
62.25			-12541
62.375			-12541
62.5			-12545
62.625			-12547
62.75			-12551
62.875			-12540
63			-12551
63.125			-12550
63.25			-12543
63.375			-12537
63.5			-12539
63.625			-12540
63.75			-12540
63.875			-12552
64			-12547
64.125			-12538
64.25			-12536
64.375			-12544
64.5			-12546
64.625			-12552
64.75			-12553
64.875			-12562
65			-12567
65.125			-12559
65.25			-12552
65.375			-12554
65.5			-12553
65.625			-12561
65.75			-12568
65.875			-12566
66			-12553
66.125			-12555
66.25			-12548
66.375			-12556
66.5			-12553
66.625			-12561
66.75			-12554
66.875			-12542
67			-12552
67.125			-12556
67.25			-12546
67.375			-12546
67.5			-12558
67.625			-12564
67.75			-12543
67.875			-12554
68			-12549
68.125			-12557
68.25			-12556
68.375			-12555
68.5			-12556
68.625			-12562
68.75			-12553
68.875			-12554
69			-12561
69.125			-12564
69.25			-12557
69.375			-12553
69.5			-12553
69.625			-12542
69.75			-12558
69.875			-12564
70			-12573
70.125			-12570
70.25			-12552
70.375			-12552
70.5			-12564
70.625			-12572
70.75			-12571
70.875			-12556
71			-12558
71.125			-12566
71.25			-12570
71.375			-12576
71.5			-12566
71.625			-12575
71.75			-12571
71.875			-12577
72			-12564
72.125			-12561
72.25			-12556
72.375			-12564
72.5			-12562
72.625			-12570
72.75			-12576
72.875			-12581
73			-12575
73.125			-12572
73.25			-12567
73.375			-12567
73.5			-12560
73.625			-12571
73.75			-12566
73.875			-12560
74			-12570
74.125			-12561
74.25			-12569
74.375			-12576
74.5			-12564
74.625			-12573
74.75			-12578
74.875			-12580
75			-12578
75.125			-12572
75.25			-12580
75.375			-12574
75.5			-12568
75.625			-12572
75.75			-12578
75.875			-12584
76			-12577
76.125			-12567
76.25			-12576
76.375			-12569
76.5			-12575
76.625			-12573
76.75			-12573
76.875			-12564
77			-12573
77.125			-12552
77.25			-12558
77.375			-12562
77.5			-12559
77.625			-12566
77.75			-12554
77.875			-12567
78			-12572
78.125			-12583
78.25			-12582
78.375			-12588
78.5			-12580
78.625			-12572
78.75			-12562
78.875			-12576
79			-12580
79.125			-12569
79.25			-12573
79.375			-12586
79.5			-12588
79.625			-12590
79.75			-12582
79.875			-12590
80			-12581
80.125			-12571
80.25			-12581
80.375			-12570
80.5			-12578
80.625			-12591
80.75			-12590
80.875			-12598
81			-12592
81.125			-12590
81.25			-12606
81.375			-12598
81.5			-12588
81.625			-12587
81.75			-12584
81.875			-12590
82			-12592
82.125			-12580
82.25			-12593
82.375			-12602
82.5			-12597
82.625			-12594
82.75			-12594
82.875			-12596
83			-12606
83.125			-12605
83.25			-12599
83.375			-12592
83.5			-12597
83.625			-12613
83.75			-12603
83.875			-12610
84			-12611
84.125			-12607
84.25			-12610
84.375			-12621
84.5			-12614
84.625			-12624
84.75			-12613
84.875			-12606
85			-12610
85.125			-12616
85.25			-12627
85.375			-12622
85.5			-12624
85.625			-12619
85.75			-12619
85.875			-12622
86			-12619
86.125			-12621
86.25			-12618
86.375			-12603
86.5			-12596
86.625			-12599
86.75			-12599
86.875			-12598
87			-12600
87.125			-12606
87.25			-12610
87.375			-12603
87.5			-12605
87.625			-12604
87.75			-12605
87.875			-12596
88			-12589
88.125			-12612
88.25			-12616
88.375			-12612
88.5			-12599
88.625			-12605
88.75			-12607
88.875			-12601
89			-12607
89.125			-12610
89.25			-12611
89.375			-12620
89.5			-12623
89.625			-12619
89.75			-12624
89.875			-12618
90			-12615
