89.9630532466908
1.74860396956653
1.10033955495428
0.651682859066337
0.617258663873696
0.561690764787095
0.46398430602619
0.387474472553491
0.379373709411546
0.340370488468156
0.319555875032105
0.284966049435826
0.279493096724094
0.251665828791272
0.245048971114767
0.230693237134549
0.226503934543558
0.197248000604314
0.1746406877437
0.163591533219233
0.1590512769636
0.131423306155434
0.117177609207439
0.109896886164042
0.105439294832966
0.0995838333622389
0.0912472263169464
0.0822397007582467
0.0781610346859065
0.0757979372546873
0.066553103154641
0.0642767140275845
0.0567090140767747
0.0544670654343384
0.0504956358601459
0.0376888050515956
0.0325523069519164
