618503.293999388
12021.794237148
7564.92376254553
4480.37255772324
4243.70342132186
3861.6696042676
3189.92976877177
2663.91845281024
2608.22504861393
2340.07473846469
2196.97258142452
1959.16472255274
1921.53772838185
1730.22300241031
1684.73156874785
1586.03473227882
1557.23293689085
1356.09601615037
1200.66890504041
1124.70507074778
1093.49044042605
903.545898364851
805.605575424822
755.550013474404
724.903711219481
684.646938279593
627.332088102678
565.404618682955
537.363458341848
521.116971673118
457.557986767648
441.907626728754
389.879075243958
374.465496332604
347.161595621397
259.113594192848
223.799752792184
