97.195730193193
0.603460052923037
0.489955279873503
0.299325302336082
0.20068165840472
0.14996390709535
0.110286361176155
0.0975656954192776
0.0757140896743773
0.0719914864793579
0.062067017438383
0.0538666151945061
0.0521667532564049
0.0501065025614658
0.0427036642545961
0.0416582121733129
0.0402289983974983
0.0370865942739581
0.0333642135847829
0.0326650136759207
0.0298695331082412
0.0293364261331301
0.0274770095495505
0.0264715654539694
0.0248901267759499
0.0235242967549412
0.0221019889885477
0.0217080481399559
0.0197340537202184
0.018448864364788
0.0158504756250092
