140109.287082533
869.897861045707
706.278813163411
431.482480071015
289.286000874089
216.175505544092
158.979652795489
140.642598206067
109.143139367278
103.776943972597
89.4706541876466
77.6496358168206
75.1992561158533
72.2293699335544
61.5580534518412
60.051016614972
57.9907808122273
53.460952180874
48.0950775321268
47.0871690513311
43.0574365866216
42.2889538757754
39.6085734578604
38.1592088082693
35.8795382373333
33.9106711879365
31.8603905144414
31.292518126023
28.4469718216269
26.5943496539914
22.8487283888387
