-17.173906271199,-10.7500608287448,-9.69029783785166,-2.16170478617163,-7.66655417670069,-1.29308778290604,-1.21358673246903,7.40659936450666,-11.5087891475046,-4.22525124158982,3.20958983497059,-7.22438516980556,-11.3484841089162,-6.2625667974978,-1.31049838724013,-1.82623862334631,7.74812485769792,44.1671011693055,31.4855085358956,51.582418110613,67.0976195789982,45.458275793999,72.1583994545415,66.2775941160137,88.8055553588617
-23.6910306523251,1.30376531340571,-10.6766069179387,8.02385014013877,30.7039276063132,7.79297607762446,28.103189208426,-2.29338410411875,2.48697241529181,-20.0593867239549,-3.68470495074004,-11.0778118245099,1.1728279319312,1.40327889260794,-6.82692947956955,-0.0435432386277784,31.2213841287712,43.8252471727795,63.6421047798339,94.8030392118458,106.936330358685,95.6748878640231,92.4042160974198,89.6107113772911,116.019235072552
-5.97155851703601,-5.83365379102394,5.69367035937703,-2.74250482227393,51.194666812486,50.4669078926365,7.13862633349699,-14.0939750836617,-22.253618818071,-15.9366290392844,-39.18667518053,-14.5152207354908,-5.94095086437052,3.30789678364266,2.03796902807157,32.1528787115136,42.519137967923,51.3977572705809,45.7252778803198,92.5298970801385,100.352805157573,116.335370351141,84.47817839505,53.7607145473645,41.9524899273313
-15.2477061955929,-14.7411017927665,18.5682070541525,-1.4219806390064,4.53463529688101,-15.4913638281131,-26.2036397240668,-8.91591631785246,-45.7133958734239,-31.2723867697967,-22.533324493942,18.2109700472232,-22.2315527212705,-15.6722611097856,17.6225076921175,67.0749499422631,65.5084553146679,56.2240222994663,75.6198352056102,49.9480279716079,55.6221760133684,65.6017545024932,51.2070162839143,51.8435961734752,40.9163983010875
9.82708448850968,-5.71529166258207,-6.88262217428303,-29.2944188178832,-5.99790599174395,-9.00792303749732,-10.1254663185955,-17.3856464377082,-17.9677035495328,-27.9031847638175,-26.0380834960941,-21.149429680708,-21.5405824034866,15.7126149025846,27.9274096321442,60.7395591709359,71.5141672980413,40.3442422703957,79.7970164994463,72.0018149690336,38.28968326858,52.4714516882577,49.2684551795029,34.2664872778963,64.7599423117516
5.16413414797199,4.27383662329765,-0.0841288789272071,-37.154590598307,-12.5859306056987,-32.6505950975928,-34.5854739064808,-22.9262082838898,-27.5164457960172,-31.0170668350419,-28.5167940250242,-29.465195079154,-17.7062123215373,-8.95997989792605,23.814906078028,14.7378723063078,-5.94275017188903,11.0244048396324,34.3266780455944,16.7504020393167,45.1396878134993,65.1483226240429,58.86521178923,56.9138276117394,94.5114098057707
-9.47046706082884,-5.98774298137865,-23.271991669269,-5.04907982373894,-26.4537870927195,-2.34402804165419,-30.8919008731256,-37.459809506806,-33.4760995876958,-14.0577874305486,-11.0357543730704,-15.8073490995061,-4.35017514436961,-22.5460905405216,-14.0673697539183,-19.1962985651141,4.86815491093837,-6.7196762818125,25.9943463166603,55.9901975607046,45.6924230409608,42.6376584730336,50.3012555980143,44.0457953009747,68.3342994331483
-15.0981490657475,-30.3143161320722,-29.9386389437043,3.03659375752873,23.7746687265489,-0.815824798470313,-38.8059227454364,3.58163360677021,-22.1641177846674,-45.4225782389165,-16.0500827813362,-14.4457102751456,-13.8053398696748,-2.10258473515977,-26.8133821248925,12.2682362790493,8.38191665828702,15.1772354679019,-6.78111630439495,34.9506349369998,51.5287517461564,28.8761145845447,59.3348635664215,41.4860237891965,46.3682683731114
-7.37222138669977,-30.7033058992887,4.03053017980136,-11.663369774698,15.158728494261,-23.6475772329472,-14.1517147421129,-8.78167584635412,3.68054580229007,-19.3401230523162,-5.95357982063492,-18.5835035967378,-17.8149034079982,-18.658981788348,-18.638361790513,12.4730551797064,42.3337290474061,59.4614787237249,40.1996105786355,47.4205380297802,7.75501027386515,29.3076100034492,16.3555200849209,15.2455728747701,-4.35177728487666
11.4375836534423,-29.8765886246848,-30.0608300975497,-29.61770086108,4.12092745804685,6.10676375130273,10.7306860507461,17.5225532026542,-10.5575958917563,9.128650989629,-2.18108279720256,-14.144042194368,-22.1712493420622,-34.5645491478269,-37.7659084885809,25.9215599678108,23.4648108848528,40.1282102481496,15.756838466411,-6.75212401617763,-8.67197228832972,-4.74650537873121,-3.1608380948091,-12.4668389623179,11.6030185613517
-16.3749793248636,-16.6905854898475,-16.7949670741884,-29.3771518045384,9.02664821182466,1.49800216455499,17.2432386882695,46.6055099375108,7.2514936329937,-23.5302014285338,-36.3394527572421,-28.1266751688085,-10.5483351093646,-27.0667397622279,-2.52834105459119,-11.2975620048137,6.56370585388287,42.5607238433216,13.7887286979069,-31.6674182771057,-21.2459091875606,-13.4482255702173,-16.6889200496858,6.67866065442464,13.006896808075
-31.9086978485348,-6.36052113063937,-23.4532440752954,-30.0072164165675,0.0332701483263839,13.3254322198897,6.69365262216986,26.387616116106,-0.978908728379757,-23.322476112922,-21.2995816459705,-34.0552553115834,-24.6040570464112,-6.21251731425516,-3.00659237302923,7.8075038635619,22.1608720017935,40.7450422044718,19.5460571733914,-40.620970595024,-50.4067969471779,-20.2916942611142,-15.2187778726948,-4.60788057582711,-5.26558743625646
-23.3837025776757,-33.3348022212963,-30.1902957908548,-22.5093644240478,-2.33063067386958,10.5940363679168,14.8412836310428,-8.214917004817,-15.1686975100377,-9.0637539264672,-26.2042677689279,-16.4480396622449,0.164989331612038,1.65783889871816,19.4197842941724,9.20548821281746,10.820311540662,7.96231402992271,8.32494812482388,0.441950158781802,-21.3802146209673,-16.5564017934563,-22.8858362723283,10.462203144181,15.4289095765507
-37.0142278985011,-25.2373830247602,0.000993899252442564,-5.9995447777709,-15.2711300715058,-17.4284498392246,-6.52038629802647,-0.489567576518629,-13.6086569806,-24.7475982756504,-18.4602642556055,-19.0969503608489,11.9006067107432,5.12427717992351,10.7606590452491,19.454465487544,19.383074499973,16.2170175864966,11.9123059919009,-40.2224230898044,-21.4721534313689,-13.2055745329009,-6.47295382211659,2.45727595904878,-10.3485949363225
-13.1557440399688,19.9632059737848,15.3697127396419,-3.52846239405031,9.45957234541356,6.64648525561498,12.7231162911501,3.52511856574726,-6.39707788685676,-16.0991991007133,-36.494582968232,-3.25999226591939,-9.67702297111158,14.3537402135411,-3.40452190146463,5.09702395797347,22.2478311221183,11.1209893293678,38.2802893877225,-20.7069328428878,-12.7057688092407,0.0494933570549768,-23.3806883035237,-5.23956461778915,-10.6110910756388
-5.53666910704431,5.52210899416246,4.57262376852052,-7.73544955321174,14.0039286314072,10.5622564442831,26.038387486615,3.64935830734918,-13.5039551167883,-6.24761093801655,-23.8124693449687,-9.92423252515811,13.0353432920152,-24.7407929519452,-3.03938298364795,-8.74218860427656,11.7466050484083,-10.9767305785881,1.55699745986483,-4.23400574858962,-6.09994139056765,-41.1292525806104,-12.4385997825605,-20.3663589792278,-15.9998786286688
14.2601477314521,16.3463983403251,30.6413953429237,-2.546484155026,13.6885697544996,8.28094975654613,10.9638834202911,16.4554858009876,1.49487636604486,-20.0783486859065,-5.77773105722942,12.776949185328,-2.43776389751216,22.9390540056222,-28.1416220729405,-15.3189940462242,-12.3381334438464,-15.6907398275526,-23.8233410184143,-17.0774374428741,-12.0790988174494,27.0083809545409,-32.5122114633387,-12.5263960573976,-8.101865449919
-18.5947708854992,-9.82347125800742,-5.04140006805982,-3.02684508022619,-34.0519436132175,-20.1772238087334,-7.99173997165642,5.67957881347566,12.6654474817531,38.8170688301714,6.23583909441219,-8.23295921379423,-17.1143154765437,-0.66175365439808,-44.580717723783,-37.1250569981927,-12.2164964073226,-27.664725319423,-16.7708146435229,6.75249587201975,-13.72314022981,-28.799083772469,-23.4974757523411,-28.5984383425184,-30.1291052758098
-21.5348292365289,-22.322932012185,-15.1352195608129,7.77656896616375,-8.82980689682552,-35.1006644376371,-15.9572545427552,8.36597599042453,77.1911585133522,106.535787429005,73.9765734694885,34.4865226778888,-14.4615504227622,-39.7957863224308,-27.4275177498379,-1.8432413110554,-11.9029791320638,-3.92276690441814,13.4078913212668,-7.86835719077496,-13.8092394802812,-20.3680656915101,-17.4258676194204,-27.2797911551091,-2.59874662516797
-21.736247080506,-14.8505854178342,-33.7228929983067,-15.4310583580312,-38.9995666663298,-27.4146014754191,-6.7419169128333,2.25305618549323,18.0666633444352,52.6539540675912,77.3632546218728,137.83361173251,-8.77768661308591,-28.9561047706752,7.01299498544901,-12.8509536983406,3.64927385835913,-25.9510999028018,-26.0412754533325,-16.5290419230818,-29.167031220258,-14.6174039868956,-19.5471207495468,-26.713954425371,-27.5372314773762
18.9260138604263,-25.0010355639236,-14.8049033905725,-34.8967938220563,-8.46307841478427,-43.2169754477826,-22.4333250427318,-19.5571241688849,-6.43181959811493,32.3963058571259,38.5825036929158,-12.4052471358262,-13.8516182320063,-16.0628562361436,-10.1446619896217,8.6210149963018,19.9148010431263,-8.94822497213356,-17.9919952383363,-37.74979581497,-36.3808556232657,-2.90495841866626,-27.369208006101,-6.52065737179942,-5.34683587089966
-6.77231717544356,-21.3801838699531,-14.6567856267945,-23.6755770301283,-26.292602469059,-13.8225322760826,-17.2744163461606,-16.4914332514549,-10.7725894670276,-21.4274998249342,-40.8019767652769,-24.4013146625878,-8.9124745272212,-15.6654965471893,-13.4292180254035,-1.30123876594612,0.778549088481022,-26.4545572475187,-9.91229309963794,-29.7124132566781,-11.3330534276437,-14.3542890463898,-29.5824979370198,-13.6535037005985,-7.34779842609633
3.54502422755951,8.33537170797791,-19.197711546901,-21.0220729298759,-25.4674426681393,-11.3735005880401,-16.8972146936868,-26.3498998480651,-26.3978954770351,-34.4860804054331,-33.9176687236127,-20.1083427298688,-20.3265249530752,-1.07685182915939,8.29694095966623,-16.4064566997277,3.22840343241174,-26.1449076103233,-30.7616783486229,-20.7822351060163,-10.1723883473929,-25.1878826877675,-13.9621678824012,11.6107744330284,25.4218905131852
26.8685453829803,5.98464927844725,-17.4073843328994,-17.6672654544562,-15.8367153204907,-16.3564894356177,-36.5073961411703,-43.1365912991204,-20.4084777395731,-40.9377010621689,-24.0370186320393,-41.365639847553,-9.40237360917902,-2.02875913861749,-6.96475373311711,-6.84142728367422,-11.8956160774956,-16.7407064159267,-25.3087535689781,-29.9940605981791,-2.35912529558908,-34.9934887924455,1.49294501447016,-6.27693673355433,17.0663630965409
5.19574352370473,-3.72931548549792,36.172400018103,15.0865490294427,6.74416702977487,-11.5949724118496,-42.50941539172,-25.4752327676983,-23.7166947629073,-17.4450263265399,-24.5546916836866,-17.2269725689097,-8.72928524732068,-38.5601936339206,-1.99656829960176,-25.0864900124567,-42.4085015503533,-15.2653706657903,-15.371998125393,-34.3299075444446,-9.42575868314956,8.15088433213033,-9.9961889964142,-10.2014054472445,7.85642255372278
