77.5034744714243
4.78631606525871
2.48365882972965
2.09810333125475
1.76458686551196
1.32764126191514
0.892644895586485
0.758412415372166
0.651247239653687
0.536924349104244
0.491935248116663
0.452405013141972
0.429245843988668
0.411103622623375
0.394343278202915
0.371598219736972
0.342982062017523
0.315703997130852
0.308227854816368
0.290244905804503
0.264684638505511
0.257258230648462
0.251742622699762
0.242028789367249
0.231468547030038
0.202402807477481
0.188156331279403
0.177125038497877
0.170566466662521
0.159494233476051
0.146100389950506
0.144312630008131
0.133576296446477
0.128724207758898
0.112296175187283
0.107209518267784
0.0990663136423806
0.0933867111415182
0.0885684095223938
0.0723045645314997
0.065739848114147
0.05298745939365
