113233.590596465
6992.87041639166
3628.65805726677
3065.35642770409
2578.08450606884
1939.70126031061
1304.16587571351
1108.05046523677
951.480740895208
784.453501502824
718.723836126222
660.969645442079
627.133796193457
600.62777332676
576.140690762974
542.909862648618
501.101281681803
461.247671857124
450.324930085189
424.051606211464
386.707721145546
375.857642066865
367.799266663527
353.607229026536
338.17857675557
295.713150846294
274.898862657831
258.781999522443
249.199840230009
233.023162627154
213.454581932829
210.842641258165
195.156717403542
188.067752325085
164.06618172188
156.634509386472
144.737180847528
136.439207257061
129.399605527833
105.637915129008
96.046778521855
77.4153716932986
