80.470575708915
6.57169848036465
1.55179235241358
1.06120662961191
0.928283556425126
0.827969138363573
0.724918693692325
0.608710287133865
0.541234714684406
0.476310093840688
0.465731342698257
0.430766163457144
0.403066446422391
0.375069436923622
0.345499717263506
0.341819082157754
0.324262744160291
0.306286797594984
0.296985452259212
0.276911551166407
0.268689278767566
0.253712167816346
0.226124506639136
0.220272233158867
0.20202640879287
0.180473693820337
0.173633077225257
0.166115869754992
0.165002626517506
0.147281762855055
0.140440555875879
0.137831241175354
0.120918754804056
0.116008589083543
0.101111180746097
0.0298034566228241
0.0192847740296804
0.00217143276595081
