159052.339822627
12989.1455442266
3067.16091435761
2097.50453489497
1834.77836920618
1636.50412088528
1432.82203957381
1203.13287919001
1069.76552616175
941.440200211013
920.531003193568
851.421350110765
796.672085948186
741.335214929352
682.889838362729
675.614960303937
640.914368036344
605.38440771792
587.000038945609
547.323412923598
531.071861941469
501.469183949062
446.941401317789
435.374219374345
399.310838047212
356.711295099842
343.190625393033
328.332654929361
326.132298586014
291.106516747619
277.58468013016
272.427296766167
238.999295215591
229.294215565243
199.84907201445
58.9073641999205
38.1168943474016
4.29189749357955
