91.3384487880851
1.36256383975792
1.09272781478453
0.903703256895644
0.815062067829511
0.689158156543252
0.417134142031685
0.395083895060696
0.291970079657496
0.254409557555777
0.225301305548105
0.220024235861005
0.194505490435172
0.181176777772146
0.176220250970448
0.139966753191781
0.130840977050094
0.121408181560498
0.11017008971085
0.106602513438909
0.095459469876894
0.0909154110286726
0.0865880035618947
0.0797840202059229
0.077299483179538
0.0684487455787281
0.0617796572450633
0.0490213971548112
0.0470549632458412
0.0395705815516416
0.0340133884223134
0.0289505379957925
0.0263451695970924
0.0249748432879147
0.015578414010872
0.00773774031640944
