253101.0444012
3775.69726092202
3027.9751280852
2504.18351946974
2258.55664680788
1909.67387220896
1155.88876759411
1094.78700145169
809.056132173481
704.975019582486
624.3153512655
609.692463895452
538.979404884873
502.045220647059
488.310565342994
387.851248672682
362.563502897722
336.424999105316
305.283975560874
295.398135672088
264.520493224957
251.928796567466
239.937446112936
221.083444141868
214.198732122175
189.673124777087
171.192920166096
135.839473765042
130.390437978799
109.651035803334
94.2519196191364
80.2226389864805
73.0031003200116
69.20589306912
43.1681609287448
21.4414650278577
