98			-937.9
97.75			-936.5
97.5			-936.7
97.25			-939.1
97			-939.8
96.75			-942.6
96.5			-936.6
96.25			-938.6
96			-938.3
95.75			-937.5
95.5			-934.1
95.25			-935.9
95			-935.3
94.75			-934.1
94.5			-934.9
94.25			-936.2
94			-939.5
93.75			-936.5
93.5			-935.4
93.25			-937.4
93			-935.7
92.75			-936.9
92.5			-934.7
92.25			-930.3
92			-933.6
91.75			-937.4
91.5			-931.4
91.25			-934.1
91			-932.9
90.75			-938.5
90.5			-940.7
90.25			-940.3
90			-937.1
89.75			-939.6
89.5			-940
89.25			-938.5
89			-934.6
88.75			-935.7
88.5			-932.3
88.25			-937.1
88			-937.1
87.75			-936.2
87.5			-940.3
87.25			-940
87			-941.3
86.75			-937.4
86.5			-937.9
86.25			-939.9
86			-940
85.75			-940.2
85.5			-938.4
85.25			-938.3
85			-942.4
84.75			-942.6
84.5			-935.8
84.25			-931.7
84			-935.6
83.75			-935.3
83.5			-935.7
83.25			-938.5
83			-937.1
82.75			-933.3
82.5			-936
82.25			-934.8
82			-929.3
81.75			-933.4
81.5			-933.6
81.25			-938.1
81			-932.3
80.75			-931.8
80.5			-932.4
80.25			-933
80			-933.7
79.75			-933.2
79.5			-935.4
79.25			-938.3
79			-936.8
78.75			-931.3
78.5			-933.8
78.25			-929
78			-933.8
77.75			-930.9
77.5			-936.6
77.25			-933.4
77			-931.4
76.75			-933
76.5			-933
76.25			-929.5
76			-931.5
75.75			-929.8
75.5			-926.9
75.25			-926
75			-928.5
74.75			-932.1
74.5			-932.6
74.25			-926.7
74			-935.3
73.75			-938.5
73.5			-932.1
73.25			-928.2
73			-927.8
72.75			-922.3
72.5			-928.2
72.25			-928.4
72			-929.3
71.75			-930.3
71.5			-927.5
71.25			-928.2
71			-925.5
70.75			-929
70.5			-925.4
70.25			-931.9
70			-932.6
69.75			-930
69.5			-930.4
69.25			-930.5
69			-928.7
68.75			-928.2
68.5			-927.9
68.25			-927.2
68			-925.4
67.75			-928.8
67.5			-924.6
67.25			-925.6
67			-927.2
66.75			-926
66.5			-926.7
66.25			-926.6
66			-928.3
65.75			-929.6
65.5			-925.3
65.25			-925.5
65			-928
64.75			-927.9
64.5			-930.8
64.25			-928.5
64			-929.1
63.75			-925.3
63.5			-926.3
63.25			-923.5
63			-921.1
62.75			-923.5
62.5			-923.7
62.25			-919.5
62			-920.8
61.75			-919.2
61.5			-920.6
61.25			-919.6
61			-917.8
60.75			-919.6
60.5			-916.9
60.25			-920
60			-916.4
59.75			-920
59.5			-916.8
59.25			-916.1
59			-916.8
58.75			-916.9
58.5			-917.1
58.25			-916.7
58			-915.7
57.75			-916.2
57.5			-913.8
57.25			-910.7
57			-911.3
56.75			-910
56.5			-914.7
56.25			-916.5
56			-913.2
55.75			-916.4
55.5			-914.1
55.25			-913.5
55			-914.5
54.75			-911.9
54.5			-914
54.25			-910.9
54			-914.2
53.75			-914.5
53.5			-910.6
53.25			-910.3
53			-909.6
52.75			-910.4
52.5			-911.8
52.25			-911.1
52			-911.5
51.75			-909.7
51.5			-912.1
51.25			-909
51			-911.2
50.75			-913.5
50.5			-912.4
50.25			-914.2
50			-913.2
49.75			-909.7
49.5			-908.5
49.25			-912.9
49			-908.3
48.75			-912.6
48.5			-910.4
48.25			-906.5
48			-905.7
47.75			-906.4
47.5			-902.6
47.25			-903.4
47			-902.2
46.75			-910.5
46.5			-907
46.25			-906.7
46			-903.6
45.75			-898.5
45.5			-899.2
45.25			-898.6
45			-903.3
44.75			-904.9
44.5			-903.2
44.25			-898.6
44			-901.7
43.75			-901.5
43.5			-904.8
43.25			-902.2
43			-904.1
42.75			-901.5
42.5			-895.1
42.25			-900.5
42			-899.7
41.75			-901.3
41.5			-898.6
41.25			-903.5
41			-900.6
40.75			-898.7
40.5			-899.6
40.25			-898
40			-895.7
39.75			-899.3
39.5			-896.8
39.25			-901.3
39			-896.6
38.75			-893.3
38.5			-888
38.25			-888.8
38			-890.7
37.75			-894.6
37.5			-893.7
37.25			-894.1
37			-895.2
36.75			-896.6
36.5			-896.8
36.25			-896.7
36			-895.9
35.75			-891.4
35.5			-892.7
35.25			-892.7
35			-887.4
34.75			-886.8
34.5			-890.9
34.25			-891.5
34			-892.4
33.75			-885.5
33.5			-887.1
33.25			-890.2
33			-884.2
32.75			-882.9
32.5			-882.5
32.25			-881.8
32			-889.2
31.75			-886.3
31.5			-887.6
31.25			-889.5
31			-882.7
30.75			-890
30.5			-885.4
30.25			-884.4
30			-887.1
29.75			-887.6
29.5			-886.2
29.25			-884.9
29			-881
28.75			-882.3
28.5			-883
28.25			-881.6
28			-882.1
27.75			-883.6
27.5			-885.7
27.25			-882.3
27			-885.1
26.75			-880.5
26.5			-880.1
26.25			-877.3
26			-877.2
25.75			-880.3
25.5			-881.2
25.25			-878.2
25			-880
24.75			-882.7
24.5			-878.4
24.25			-879.1
24			-877.7
23.75			-878.4
23.5			-878.2
23.25			-875.9
23			-876.2
22.75			-877.5
22.5			-877
22.25			-876.6
22			-875.7
21.75			-876.2
21.5			-874.1
21.25			-874.6
21			-874.9
20.75			-876.4
20.5			-874
20.25			-875.3
20			-870.8
19.75			-873.6
19.5			-871.3
19.25			-870.9
19			-873.6
18.75			-875.5
18.5			-874.9
18.25			-875
18			-880.9
17.75			-883.3
17.5			-881.4
17.25			-881.1
17			-877.4
16.75			-884.8
16.5			-884
16.25			-880.5
16			-883.7
15.75			-887.8
15.5			-885.8
15.25			-888.8
15			-895.8
14.75			-896.7
14.5			-894.6
14.25			-896
14			-900.9
13.75			-903.9
13.5			-908.1
13.25			-909.9
13			-914.1
12.75			-918.7
12.5			-918.9
12.25			-921.8
12			-922.6
11.75			-929.2
11.5			-935.2
11.25			-935.8
11			-935.6
10.75			-937.6
10.5			-941.9
10.25			-940.2
10			-941.9
9.75			-949.2
9.5			-948.7
9.25			-955.3
9			-953.5
8.75			-954.9
8.5			-953.6
8.25			-957.7
8			-957.1
7.75			-952.4
7.5			-949.6
7.25			-945.5
7			-939.2
6.75			-933.7
6.5			-926
6.25			-912.7
6			-895.5
5.75			-879
5.5			-863.7
5.25			-826.6
5			-801
4.75			-772.1
4.5			-729.3
4.25			-699.7
4			-651.3
3.75			-617.3
3.5			-572.6
3.25			-526.4
3			-479.2
2.75			-420.5
2.5			-362.3
2.25			-307.6
2			-241.1
1.75			-173.9
1.5			-120.9
1.25			-59
1			-0.7
0.75			74.9
0.5			134.7
0.25			205.8
0			262.3
-0.25			327.2
-0.5			391.3
-0.75			445.8
-1			513.6
-1.25			584.5
-1.5			644.9
-1.75			706.6
-2			774.6
-2			783
-1.75			718.7
-1.5			653.3
-1.25			585.2
-1			518.8
-0.75			447.2
-0.5			377.6
-0.25			302.5
0			235.4
0.25			163.3
0.5			98.3
0.75			26.2
1			-42.6
1.25			-115.3
1.5			-183.6
1.75			-254.8
2			-316.4
2.25			-385.8
2.5			-452.4
2.75			-515.4
3			-584.9
3.25			-640.7
3.5			-708.4
3.75			-763.1
4			-820.5
4.25			-864.3
4.5			-904.6
4.75			-942.4
5			-969
5.25			-979.8
5.5			-981.1
5.75			-980.5
6			-980.7
6.25			-977.5
6.5			-980.6
6.75			-979.7
7			-972.8
7.25			-975.6
7.5			-974
7.75			-974.5
8			-971.9
8.25			-967.4
8.5			-964
8.75			-963.4
9			-965.1
9.25			-962.9
9.5			-960.8
9.75			-962.1
10			-957.7
10.25			-957.2
10.5			-955.8
10.75			-950.4
11			-946.4
11.25			-948.2
11.5			-949.5
11.75			-948
12			-947.2
12.25			-945.8
12.5			-940.3
12.75			-937.5
13			-936.5
13.25			-938
13.5			-932.4
13.75			-936.6
14			-934.7
14.25			-937.1
14.5			-934.8
14.75			-935
15			-931.7
15.25			-932
15.5			-925
15.75			-923.4
16			-925.3
16.25			-922.8
16.5			-924.2
16.75			-923.2
17			-922.7
17.25			-924.5
17.5			-922.6
17.75			-920.8
18			-918.4
18.25			-915
18.5			-917.7
18.75			-913
19			-912.1
19.25			-912.4
19.5			-909.7
19.75			-914.1
20			-909.9
20.25			-913.3
20.5			-910.3
20.75			-906.9
21			-905.5
21.25			-902.6
21.5			-905.5
21.75			-907
22			-903.9
22.25			-899.5
22.5			-899.7
22.75			-897
23			-887.8
23.25			-889.7
23.5			-889.6
23.75			-884.6
24			-890.1
24.25			-887.3
24.5			-890.4
24.75			-890
25			-887.5
25.25			-885.7
25.5			-884
25.75			-884.7
26			-880.2
26.25			-879.4
26.5			-880.4
26.75			-881.2
27			-881.7
27.25			-880.4
27.5			-886.5
27.75			-883.8
28			-885.4
28.25			-881.6
28.5			-883.8
28.75			-882.6
29			-882.8
29.25			-883.3
29.5			-885.8
29.75			-886.1
30			-885.9
30.25			-886.2
30.5			-888.8
30.75			-887.3
31			-892.9
31.25			-890.4
31.5			-888.8
31.75			-886.1
32			-886.6
32.25			-889
32.5			-888.7
32.75			-886.7
33			-891
33.25			-893.3
33.5			-888.9
33.75			-895.1
34			-896.5
34.25			-892.6
34.5			-895.4
34.75			-895.7
35			-892.5
35.25			-894.8
35.5			-894.7
35.75			-894.1
36			-893
36.25			-894.6
36.5			-891.6
36.75			-894.1
37			-895.5
37.25			-892.8
37.5			-891.6
37.75			-895.1
38			-897.7
38.25			-896.4
38.5			-899.1
38.75			-899.3
39			-898.2
39.25			-899.9
39.5			-897.7
39.75			-896.6
40			-893.2
40.25			-896.5
40.5			-891.2
40.75			-893.7
41			-898.8
41.25			-901
41.5			-898.4
41.75			-904.6
42			-906
42.25			-906.5
42.5			-897.6
42.75			-899.7
43			-902.1
43.25			-903.3
43.5			-901.8
43.75			-903.1
44			-901.5
44.25			-902.6
44.5			-905.4
44.75			-902.3
45			-899.4
45.25			-901.4
45.5			-903.7
45.75			-903.8
46			-900.4
46.25			-901.5
46.5			-902.8
46.75			-901
47			-905.8
47.25			-902
47.5			-905.2
47.75			-904.5
48			-902.7
48.25			-910.1
48.5			-910.4
48.75			-907.3
49			-906.3
49.25			-905.4
49.5			-906.1
49.75			-910.1
50			-905.8
50.25			-907.1
50.5			-906.5
50.75			-909.2
51			-908.7
51.25			-909.9
51.5			-907.3
51.75			-906.6
52			-904.4
52.25			-904.3
52.5			-910.9
52.75			-911.7
53			-915.6
53.25			-916.3
53.5			-910.7
53.75			-914.3
54			-912.2
54.25			-913.9
54.5			-914.2
54.75			-916.7
55			-920.3
55.25			-921.3
55.5			-918.1
55.75			-914.9
56			-915.3
56.25			-915.9
56.5			-918.1
56.75			-914.5
57			-918
57.25			-919.8
57.5			-918.4
57.75			-916.8
58			-917.5
58.25			-916.2
58.5			-917
58.75			-916.6
59			-915.3
59.25			-918.7
59.5			-921.1
59.75			-920.9
60			-919.4
60.25			-922.4
60.5			-920.7
60.75			-920.4
61			-921
61.25			-924.1
61.5			-920.9
61.75			-922.1
62			-922.1
62.25			-918.3
62.5			-917.9
62.75			-921.8
63			-919.4
63.25			-916.6
63.5			-918.5
63.75			-923.2
64			-920.4
64.25			-923.5
64.5			-921
64.75			-922.4
65			-922.3
65.25			-922.5
65.5			-923
65.75			-922.3
66			-920.7
66.25			-924.9
66.5			-923
66.75			-927.4
67			-929.6
67.25			-928.3
67.5			-931.2
67.75			-931.6
68			-927.7
68.25			-923.6
68.5			-922
68.75			-924
69			-924.4
69.25			-920.7
69.5			-921
69.75			-922.5
70			-925.3
70.25			-928.7
70.5			-926.1
70.75			-926.1
71			-926.5
71.25			-929.5
71.5			-926.5
71.75			-926.3
72			-925.9
72.25			-926.6
72.5			-924.9
72.75			-926.8
73			-925.2
73.25			-921.5
73.5			-925.9
73.75			-926.1
74			-926.9
74.25			-932
74.5			-931.9
74.75			-928.7
75			-929.9
75.25			-928.8
75.5			-927
75.75			-929.9
76			-928.2
76.25			-933.8
76.5			-930.1
76.75			-929.2
77			-929.3
77.25			-931.1
77.5			-928.7
77.75			-933.8
78			-931.9
78.25			-932.6
78.5			-936.3
78.75			-931.1
79			-932.8
79.25			-930.7
79.5			-930.8
79.75			-931.9
80			-934.3
80.25			-935.1
80.5			-933.5
80.75			-933
81			-934.3
81.25			-935
81.5			-932.6
81.75			-931.8
82			-929.4
82.25			-935.9
82.5			-930.1
82.75			-932.7
83			-935.3
83.25			-935.4
83.5			-934.9
83.75			-939.1
84			-939.8
84.25			-936.7
84.5			-933.5
84.75			-935.6
85			-937
85.25			-937.6
85.5			-936.9
85.75			-933.1
86			-933.3
86.25			-932.3
86.5			-933.4
86.75			-932.7
87			-935.2
87.25			-936.6
87.5			-934.8
87.75			-936
88			-932
88.25			-934.9
88.5			-935.8
88.75			-937.3
89			-937.9
89.25			-937.7
89.5			-938
89.75			-934.3
90			-933.1
90.25			-937.5
90.5			-934.5
90.75			-934.2
91			-939.2
91.25			-937.5
91.5			-934.4
91.75			-934.1
92			-932.2
92.25			-938.6
92.5			-942.9
92.75			-940.4
93			-940.4
93.25			-935.9
93.5			-940.3
93.75			-936.1
94			-935.7
94.25			-936.4
94.5			-936.5
94.75			-937.2
95			-937.9
95.25			-932.7
95.5			-938.7
95.75			-939.4
96			-939
96.25			-936.2
96.5			-941.4
96.75			-943.2
97			-941.2
97.25			-935.8
97.5			-937.1
97.75			-938.5
98			-934.5
