91.6527920897515
1.20747146769484
0.852663056062346
0.686323744039056
0.601759946228907
0.586675408887112
0.475868536178615
0.340282834893971
0.26440455270003
0.249137239639801
0.216169719341141
0.208915493460929
0.191921496128677
0.169327843633907
0.158868009132952
0.142840174466036
0.141153272237509
0.129049674826062
0.126443686766291
0.11744922931442
0.108294383909235
0.103420133533396
0.101120180726079
0.0966150626492067
0.0907782673142833
0.0844485205262982
0.0818289275151021
0.0765115486274731
0.0725524448865011
0.0690632598288479
0.0664945577386358
0.0554757152861455
0.0508271777214511
0.0481932546069454
0.0464472995031191
0.0448912437185515
0.0440459734752155
0.0374507417635892
0.0345626147865976
0.0331377956127626
0.0322713791529083
0.0270824521892281
0.0261060379125177
0.0208297905421767
0.0186533165008183
0.00938044458877264
