116922.131937337
1540.38011322268
1087.74844787475
875.548180503656
767.669530009317
748.426076263097
607.068944690939
434.101281699338
337.302806502088
317.82618444557
275.769279575372
266.51501098049
244.835645268656
216.012758832716
202.669072059204
182.222247070394
180.07025365664
164.62960661043
161.305128732513
149.830834093866
138.15193137934
131.933814805419
128.999748319769
123.252536498207
115.806494335379
107.731590426833
104.38975661366
97.6063377817349
92.5556804105744
88.1045017136372
84.8275898176485
70.770772543984
64.8405994410999
61.4804846111506
59.2531570158676
57.2680853601463
56.1897679771117
47.776183025014
44.0917784830889
42.2741263239834
41.1688325590912
34.5492807786445
33.3036620006019
26.5727149437471
23.7961712158407
11.9667012300654
