15.6387230912148,-32.3763625734924,39.7284941310517,27.4569491700678,42.4635381437784,-4.85779586582885,6.29260386827464,-14.6654134684591,34.3112439064086,-6.82664514818717,31.2905812012616,8.83201002927608,65.0326654602515,87.5355289760104,48.7827309445878,51.799769400783,34.4135152869624,-67.8553345188557,-2.59383043984684,-67.3472498170454,-15.1339870228466,13.4516193193466,22.7481871564014,7.42102053145369,-74.3496355623847
45.9291557966246,10.3362368115864,51.5418544966564,35.994596830943,54.5291732314154,-110.652901180933,-71.6524289294212,-3.04811467035709,46.4286997801276,9.97133560747145,27.4461776565573,11.4354448434795,37.3039878081798,-33.8057748769621,8.32523358245239,-32.8468606192062,-19.8410909249238,50.0061097697005,-35.7651729660401,-25.5253728168924,-23.5748694487574,-62.4483427755784,-47.0670477168862,-74.0038613492001,-74.3656475368819
18.9075353986468,-15.4184221969524,33.2809375740224,23.5414948790742,-49.739205702753,16.1422985332172,55.2242562706871,-116.886867585981,44.2252455007059,58.0443923195982,17.8245918432315,12.1908630569905,-94.0510929859143,2.90156763176272,12.1942524971313,58.0177020494435,13.0117834016287,-6.5266512555575,18.6438995556017,-49.8428732221157,-87.1801277194658,-64.957477706241,-69.7024432768066,-18.9958776563956,-37.9616909650109
60.1193383914011,30.0625670018241,-30.8786190217567,45.806643012039,17.295580282104,-5.58842934687585,-24.0374212036124,11.4696437748616,72.6356538291849,-0.876668999446513,18.8430444985279,20.400627486971,9.86637188055729,8.1088400732711,-101.379033257427,-17.2621438123323,-11.1521522527572,-31.842040658668,-34.2444432479956,-6.24563009001006,14.9479949965755,-47.2958200567086,3.53926281098375,-55.055643241607,55.1764732278729
-1.54601415830307,17.7283566400705,11.5217629672645,22.3845672982403,64.5075995868602,58.5798066758987,32.4711103535282,48.6555092801526,33.9508514574368,28.4872974559249,23.3607763829561,9.60216262419283,40.7340644215653,35.7557278855228,15.8019758226302,-37.4700800198451,-3.29920860660199,-37.7561346203606,-45.2981182274424,-23.1319645306352,-46.3445655461392,-16.5258001895757,36.2850508516131,-17.8995266927421,-13.5544395746976
14.0087408002076,3.04828583038273,-1.84428451594495,30.1148711206703,41.4787497855777,125.674609018795,4.41490587797084,-54.4724798120512,6.04299171159099,15.5077122551494,37.7534945949959,-28.8924126949924,6.23723964598576,-40.0762628887132,-69.0579355374173,-9.00148857642483,2.07991339321312,20.7049055866177,11.0821426967806,-49.7285626135477,-66.6663823095456,4.98944693204838,-36.3675742030672,-3.98488414856092,-12.5423871743834
7.24502627531047,37.6861075435859,153.596754322356,48.5494509678633,-22.7754138890582,-132.533050755818,-16.3440760060213,-11.5672095151104,55.105542357645,-36.5086283902682,17.6503636219716,-34.384473710748,40.0863428817233,20.7757581903741,14.161150884423,-14.7261818790677,-35.997400857503,18.1479203987461,-4.20500576447252,-105.575656373348,-81.3635217210653,-33.0658944485211,-51.1276720999866,-53.6101344914911,-66.4583107311423
2.62613887733423,48.0710288333706,-15.4056469910718,-17.4208340161209,-33.720147949663,41.69990506038,46.6182355601543,101.05909360775,10.8857791093246,28.6625772531793,20.5103661772585,-40.232391970953,40.5859443611819,11.7921196713733,19.5579126975211,32.0818331394307,64.9301180139812,4.73958478781994,-32.6164426815613,-54.5187466634951,-16.1969175732803,-3.78928722621178,-35.3486270947623,-38.8114641053632,-10.1119509633694
65.2935015882457,-11.4738243827764,60.8008828836644,50.1653382250235,-38.8512551463016,10.3456292479857,-22.9374589174893,35.6290924937083,44.0719263620325,-74.3787390390145,-39.6919801706392,46.216860965612,49.249884557449,-50.5009090828158,29.1951055098297,4.176704325089,-50.0426101833342,-95.2352134244738,-93.2063732333368,-54.1910472338685,-34.7696810503363,-26.5510765156902,-70.6317689690715,46.224707609349,31.9816852494463
-9.54173049627432,-35.7816404288414,29.1322651500884,65.4930538622022,18.6410730957327,10.0762366205084,-48.1952200540006,32.3236690065789,41.2182290686763,39.592501399387,18.7716296640473,37.4645848599032,54.9882160674363,21.3666782234543,16.1005084092437,-28.4597073683829,25.7281153757671,23.1170500740221,25.2915143380327,-29.5329273576371,-1.10918008890749,-36.4403118000948,21.685507851004,-30.9373605711884,-38.7961400221865
6.92111835564554,-23.4768452731171,44.4494455370122,-41.8745670260507,-7.86394300093966,8.84812007571347,-11.0912249246301,-28.6841238897632,16.9011727845294,16.9489801757514,30.1636558075622,-48.9735614404487,13.682506661562,23.4366803425854,30.7847203501779,11.5402850997819,-16.2443272471283,-101.329680593913,-16.7411085982891,-14.5116866610069,-45.1607991190013,-92.7259527286285,32.8484968345371,38.575586310797,-16.6084925370437
-43.370927639173,48.7068750617481,-17.1009963311901,24.8437223982867,-23.4806942647081,10.575103291122,-19.6143141998424,-49.9485162675259,-22.8879323682994,0.550004638066336,-16.1622818510701,29.2889153457361,-6.08285037318258,34.6964359723413,-2.0405489255876,26.977422674579,-7.37102617683486,-46.9505487571185,9.00845082443331,-98.9281022331268,24.4603296025718,48.7379153750269,72.7017931280729,37.54116058952,45.3563237385168
34.2370820502397,-23.0662560701055,10.3217604638689,15.2047228315584,-8.4644292923582,6.00546185868989,28.8589242341889,-27.3550349166677,2.74200967865607,48.5039715147468,35.9476205037832,11.2223905802451,10.4572073439703,7.89063928327602,-33.0751805970071,7.91117635731362,-18.094849587459,-16.0779688873515,12.4890449660942,19.1095974732807,43.0462380230928,19.1379248491361,-1.85742858657545,0.187247567599297,43.0313045689803
25.3309789134171,-62.4785644079077,10.848496992172,44.2834268044395,17.2916363554859,-47.186769206165,-27.8637236462796,12.9847810439721,21.048390289474,10.0268319662604,15.843133659872,-12.5863296852393,41.3538852065169,10.9187598700768,-12.6223888149058,-60.7200919252957,-10.0675664900116,19.448137286018,38.361969188644,32.8702154419712,55.6680140904483,-18.4420334403037,37.1496791858188,-29.9364134714537,14.5818372112848
1.89538652223137,-42.0487917515221,-24.3667947400003,-45.8495435457375,-7.31852426338911,-39.7979751826245,21.5425213786396,-22.6487343138465,10.3798705213034,2.1666711111804,7.34817141232589,6.09138863168642,3.12121841173057,-9.13802246891304,-34.2337959288808,-33.2349757632246,0.122978870683635,-69.1256957980047,2.90308432856227,-45.7873213064248,-20.1533982555847,1.91168870741595,-69.9104884794222,-6.05257016042791,4.31833869165999
38.6974837668572,-68.65012260725,-2.16056297738894,-26.7112057280249,-33.4063759876144,2.0289411972437,-15.8625154804508,0.0692167781808302,-17.1126286539595,-13.5035596642632,15.1751022130242,4.9033706546994,-26.5893418414596,33.2527309006838,-32.6822214795687,10.2360200993669,36.25026915325,-12.5223193656176,7.72695968672213,39.0798076390117,-15.1986602067221,5.90126436935113,-59.6889054375637,46.8030030862097,45.2643088618087
21.9490645168214,37.541405337826,35.0647519799339,15.2518297745272,-65.5218582229198,-25.7645959451574,47.4212017502355,-12.6511515429814,18.4406669298093,-8.57884330116153,-12.9614799324974,2.38501828598062,-25.5468333930409,-6.37268240242382,-62.3457410430168,36.3753372523655,-2.42603568640507,-52.9044071152465,34.150474334646,32.6617856453994,12.130531051111,17.3812604802952,-40.4978201041326,5.28910503501642,70.6367280105261
-3.08071772767442,-89.8355865575286,2.54239580027003,47.0222226509514,59.0780375012707,26.6450137096017,25.4254912607332,22.6194534932002,-74.279914803523,3.96976605765015,0.164927797146571,42.7538850082975,27.7384107684904,16.1294297795626,-61.3856886810861,-87.7625844581714,25.1555031025031,-106.277964971125,-43.5007603565836,32.1342623411022,47.6935435718313,22.2196239494565,47.9202213429653,43.9022853630272,70.0539709890213
2.50970748585975,55.3720559649928,23.904679391867,36.9920248101449,64.1132868140107,34.027053021594,40.6253757482018,-18.2878954944532,-12.7805746394238,-48.9213152097019,-36.4001901127854,6.04667120909886,15.5325597099821,24.413441850745,64.7784031226238,-86.8929045750061,-2.70311390092073,-26.5753330674343,48.5490873912511,6.7236801639168,-43.6677515804336,56.488613536369,-31.1067019508258,-53.8918480804209,-48.3277763430956
-12.2331033515311,27.6279214056908,-22.8428609757373,2.34017554808058,22.9786090440876,24.7617954159472,-76.1835700023659,9.5466369757946,-38.7224603620634,-3.16374579742349,-3.18844898022305,-7.55278607423037,5.82502046013306,-0.0191289521872302,54.2957894731968,16.1405358765884,-3.72501335143208,44.0523161437144,17.1784451588767,7.75334409250028,-44.7693347729832,23.872931862769,-2.37479873525702,30.9080575460335,-65.8477737915166
7.39845680284188,15.7733520005847,-36.1088046192657,14.9108816300813,-79.8524634598579,19.7788211536396,61.9904118610904,9.24355669771794,20.0117337486892,2.30197170049501,-6.95377296100351,7.04429519662296,-52.635797921577,25.2293058547962,25.4777008721286,-46.3593406949771,50.8357755596902,-9.6037120938324,-4.56702390980858,-120.706135182197,-43.8453549716567,44.0581800603433,50.878632914251,-15.4037910454393,-27.475570753172
34.8863208652547,13.6080369926984,-5.16428272617985,25.2298296461866,32.5183266502576,-98.3537966798152,-10.1378122703708,13.8128752310653,-32.8063769961463,24.2906417430747,20.612550696255,-13.8416742340844,-40.5479691138363,14.2542010936001,-64.2360496493587,-92.142068155656,39.3166674667046,13.0008074610419,-90.2580981127523,-14.7825225462638,-30.942557829333,11.7525901714833,44.3180395525574,17.1231088380364,12.6931619026767
-26.2898617403231,44.4340904258497,33.5286915872704,24.3696669425663,-7.20717784029931,27.9714732618176,-3.11106304126132,8.59469093724999,-83.9022406421485,35.982579253337,42.5124706711042,44.7482833149119,24.2992742449523,17.7215277632261,26.237897852069,-44.4512432470491,20.6029769283663,16.1767806644013,-30.3307331180596,-13.4784205710714,33.6187969588281,-36.6119883255803,21.5166222020169,-4.41248766251704,-17.5347583340386
45.4670422806402,-10.1714637329379,4.31907608212108,-41.2258025602055,10.4160855866394,40.8063620022019,4.02044303816204,19.4474355060338,47.9552537792717,-5.91877646806342,22.6172438709454,0.399348298082505,-9.00516401470428,-53.4054045010401,-20.6690753224462,-48.4061749815547,-33.6681062145903,-9.91416170324555,14.3038213807534,37.4161708122764,38.5970779463308,27.0526396708254,36.6755881725468,-9.38819224694225,65.1231299216319
14.8590984931857,-34.4094104882154,-42.052512658393,5.35273941206071,-9.98791542656918,-7.73950114799513,6.63455498535553,-52.0438922604309,6.77378545862509,-8.51359419506314,7.503551633438,-14.461978786153,19.3932533938279,-44.4519414249495,-35.9211470416393,-77.6418498061909,18.3519955763846,15.2500973669023,44.8059927167363,7.40563662591458,21.3955525995418,2.77928176474451,45.8075912844723,3.8075198093796,110.994859553234
